206
349
350
352
354
355
357
359
361
362
364
366
369
381
1057
2195
2897
2978
3128
3482
3581
3539
3671
3996
4047
4230
4232
4233
4359
4508
4511
4512
4513
4514
4515
4517
4518
4522
4523
4524
4525
4526
4574
4716
4719
4770
4841
4842
5257
5277
5985
5992
6024
6233
6815
6868
6921
7849
8140
8636
8781
8782
8798
8799
8874
8893
8895
8896
8900
8902
9002
9226
9786
10064
10120
10614
10615
10617
10618
10620
10647
10950
11135
11450
11487
11630
11712
11936
12216
12478
14334
14457
14577
15231
15256
15586
16475
16524
16525
16526
16533
16795
16798
17755
17879
18344
19069
19528
19810
22739
22902
23272
24198
24330
24410
24566
25922
26042
26115
26415
26930
27998
28002
28985
28987
29141
29946
30046
30158
30160
30161
30164
30313
30478
30490
30756
31648
31773
32522
32745
33060
33598
33600
33705
33845
33986
34366
34373
34727
35013
35130
35308
35339
35341
35344
35556
35796
35855
36201
36643
37637
