24566	80393.8599617	5987
12113	30832.4593456	3075
24658	18329.0005347	6003
9194	17261.6369805	2296
17857	15280.2492406	4800
30198	14641.0523047	7628
33252	14201.3263784	8337
14466	13227.4806765	3787
30478	13191.5575885	7677
37299	12787.802332	9347
37201	12280.2938524	9309
32851	12001.919356	8211
29642	11532.2107194	7457
7467	11069.9131637	1801
28499	10768.1244754	7107
16819	10745.2116124	4602
19699	10519.7221804	5180
32436	10357.0274846	8049
28620	10010.4722974	7136
2313	9983.07537373	606
23020	9963.12191837	5596
25987	9815.81385124	6375
3614	9659.00855711	931
30994	9621.27470674	7798
4364	9383.72480085	1126
3147	9329.24629894	800
3641	8906.85377528	939
25883	8873.74908596	6339
28530	8798.11843295	7124
30126	8778.4140058	7593
15766	8496.68385839	4258
4381	8487.57842836	1129
14503	8168.64211152	3803
3627	7987.43030768	935
30206	7906.15653083	7630
35838	7783.48225734	9001
28529	7538.06074958	7123
31025	7535.43824586	7807
9914	7526.96008641	2483
28835	7515.99478538	7213
29617	7449.399166	7451
11844	7429.28151013	3026
26545	7423.22604947	6560
14692	7343.44048273	3874
35636	7332.95646706	8936
29479	7316.87128392	7412
6113	7185.92699179	1572
13296	7137.36597843	3423
29684	7099.41923963	7473
28910	7088.52481922	7234
3982	7042.77836168	1006
6907	6934.1417517	1701
9270	6805.12727527	2322
3674	6746.90670868	947
26415	6720.79445303	6519
3831	6594.45729265	975
16812	6493.15140105	4601
30185	6459.08607674	7622
1057	6306.96806212	285
8827	6252.31440529	2184
37200	6207.59295543	9308
29470	6203.2682926	7407
11630	6155.87858151	2953
26529	6054.09067506	6553
29345	6052.5523006	7368
24150	6043.56958519	5892
30246	5997.48849273	7645
19985	5985.57213987	5234
10014	5958.89556102	2522
28878	5957.51222672	7225
15404	5852.19238337	4125
8067	5740.99640945	1990
29939	5735.84417265	7536
33048	5726.68223296	8266
4028	5680.5162488	1028
2407	5675.78716176	629
37241	5652.2813737	9332
7950	5588.53414876	1946
23855	5519.78142427	5814
11468	5490.61388091	2905
30628	5490.53209998	7736
27185	5432.5069235	6786
3642	5361.05576895	940
28381	5281.05612982	7071
30567	5170.87522422	7711
20485	5168.07477925	5332
17762	5167.45867895	4787
23034	5063.15177517	5599
8055	5041.6798316	1983
30233	4944.17340221	7640
28362	4937.1279664	7062
30507	4885.81508735	7688
28711	4883.70891183	7163
37661	4820.32227903	9490
24247	4786.66535683	5929
9195	4731.89864131	2297
16803	4689.31524283	4600
11450	4650.89448304	2895
13148	4637.87128455	3366
30517	4600.39257084	7691
29766	4573.66320275	7497
26878	4570.08563122	6685
5655	4555.25171725	1467
1340	4464.64170229	381
30343	4457.9087225	7653
30056	4419.3896636	7566
28505	4402.13935135	7112
19910	4387.19858807	5211
29141	4382.50427114	7301
30154	4342.98500082	7605
28892	4192.13425318	7227
30423	4172.8618412	7665
35734	4076.05505195	8963
27309	4070.76532663	6832
29744	4063.67464197	7491
23994	4048.89230343	5845
4655	4021.57522073	1211
15920	4018.87931017	4315
30104	3954.86051475	7582
35310	3945.00793189	8824
32307	3938.69357184	7997
28457	3932.006072	7094
8038	3903.49011425	1977
28207	3879.24186775	7033
28840	3829.56484038	7215
12250	3808.92595252	3115
29961	3798.96628919	7545
32552	3790.72114698	8096
33338	3787.20165895	8369
11722	3752.34326597	2985
7867	3745.16814051	1918
32387	3729.90209646	8034
1647	3680.79508636	461
32539	3678.43499307	8089
369	3637.64188309	94
25557	3612.29838197	6227
33450	3556.64231105	8409
10115	3551.583832	2560
14705	3523.87506312	3879
3572	3496.57811703	920
15980	3494.56665702	4333
30034	3464.58482319	7556
28506	3460.70310373	7113
23659	3459.84276964	5756
37180	3392.55525647	9300
30171	3388.71132911	7615
15225	3370.29435998	4066
28101	3363.70584921	7001
4081	3351.71581264	1046
30079	3350.84398694	7573
32465	3337.81138292	8062
14286	3337.75997865	3722
19914	3334.34795377	5212
15175	3331.91217943	4048
35584	3288.9157656	8917
29688	3249.27865438	7475
28048	3244.15253216	6985
3979	3242.74015956	1004
6269	3214.06763079	1606
26737	3186.21199715	6629
8146	3185.30710189	2023
29717	3174.04424823	7484
14295	3155.53240528	3726
35213	3150.61330717	8791
33520	3149.58471137	8435
10198	3144.82955512	2590
16533	3134.17371794	4533
28415	3129.00924021	7084
30057	3127.95368602	7567
10903	3124.51716406	2761
8608	3122.96887303	2131
18390	3100.9299568	4852
32891	3098.38601403	8224
35520	3098.20755156	8893
13125	3084.82935354	3356
29545	3068.11451477	7435
3945	3063.92384206	993
9338	3051.53690019	2343
33564	3027.63912524	8447
35855	3019.09638383	9008
24330	3005.72853546	5949
4333	2988.82590586	1116
28072	2978.19199786	6992
35076	2974.27923465	8742
25967	2961.48769071	6369
12938	2946.99876077	3288
24274	2934.06438605	5937
30620	2925.0251571	7730
17916	2916.64405021	4806
28889	2899.29694058	7226
30586	2895.40772196	7718
9977	2868.73036548	2508
11628	2862.69887914	2952
25896	2862.18892008	6344
11815	2844.04559403	3014
12993	2841.61480227	3310
7085	2835.49140989	1734
10407	2832.87299322	2656
11604	2825.65718897	2944
7068	2819.48315832	1731
16468	2817.41316182	4516
27170	2793.41924735	6779
30606	2745.51662304	7726
34264	2742.46614616	8563
33576	2738.78986898	8450
1182	2726.51333118	323
11663	2722.36847944	2963
9207	2697.48557641	2300
25769	2655.18746581	6310
30060	2651.82582415	7568
3029	2643.19588073	760
32777	2638.17730779	8182
15277	2629.07263003	4085
7511	2623.30439197	1809
8430	2619.06587973	2094
25484	2592.62708473	6204
37135	2578.08841657	9279
10424	2560.14848338	2662
27935	2527.06249315	6952
4050	2511.1585467	1035
24987	2500.48124303	6061
10959	2493.58168121	2777
3997	2486.36362245	1012
11003	2470.49325464	2796
29809	2444.58707383	7504
3024	2444.42066121	758
28013	2440.45988216	6977
1786	2440.09829134	486
30195	2418.62604425	7627
1572	2413.36183149	438
27241	2406.41399085	6813
29181	2405.69773921	7315
10933	2395.44458886	2771
15843	2392.45015868	4291
17625	2390.34682868	4777
24128	2385.04578436	5883
3237	2368.38283495	830
1348	2365.27097221	384
11383	2361.70761853	2873
5711	2356.42698232	1477
30598	2353.34854829	7723
11606	2337.10135088	2945
10052	2335.23945025	2533
35884	2326.44209664	9015
17755	2310.41215126	4786
19667	2290.00514366	5168
30041	2271.05181261	7558
31366	2263.95496373	7850
30408	2256.108821	7662
9786	2243.52193666	2450
22999	2240.2487411	5589
3482	2236.56271589	901
12255	2229.67657633	3118
7837	2213.67731506	1908
26791	2213.02563927	6650
32929	2211.51511277	8237
33192	2204.96262182	8316
4019	2203.57373028	1023
29606	2178.80881017	7448
4025	2176.74098716	1026
28984	2168.01505033	7247
27901	2160.39283837	6948
2266	2158.49366084	601
2587	2158.36926317	665
455	2158.06806354	122
25349	2155.88321003	6158
22549	2143.44623461	5457
23005	2136.26466323	5591
29989	2134.23625891	7547
8850	2112.26625804	2192
38193	2108.62755304	9677
8131	2107.2155934	2018
32545	2099.86625841	8092
2508	2098.36211542	646
6406	2096.71107197	1636
14621	2089.41867714	3847
28837	2080.43951987	7214
25304	2079.12795848	6144
17667	2075.53063864	4780
34477	2068.9336364	8593
28860	2060.61327614	7220
29547	2045.57860657	7437
32246	2039.69822064	7978
1653	2038.75897938	464
29257	2033.99331102	7343
10605	2033.25179363	2706
4232	2029.03363538	1078
33014	2021.65808773	8257
28985	2015.8622557	7248
27175	2011.41805277	6782
11369	2004.1590068	2865
34647	1999.67786605	8623
37374	1965.68105394	9386
19387	1953.6099962	5085
15131	1951.98522266	4031
9285	1940.87125865	2325
19528	1930.73340598	5128
36232	1929.28377503	9157
9573	1921.55848195	2404
37151	1917.40139003	9286
30461	1903.04269667	7672
12380	1901.53152823	3149
7901	1901.36455971	1928
9331	1901.12890738	2342
30533	1880.61770251	7696
33529	1871.2948657	8440
32349	1868.16848578	8019
15306	1861.25719884	4097
12892	1855.07776383	3266
28480	1850.12643624	7101
10384	1848.81785602	2650
30167	1838.42936229	7612
25740	1831.01413295	6300
13514	1823.65750969	3499
33966	1821.2787086	8512
35606	1813.44838664	8924
19967	1811.38113645	5228
14342	1809.71931485	3741
7030	1805.97626139	1725
11709	1804.46909637	2980
11758	1800.87578914	2999
16033	1799.07918217	4354
26382	1797.39657138	6505
29315	1789.29299853	7361
10102	1788.16410131	2556
19325	1785.7037715	5068
12203	1779.45191644	3094
24310	1771.36533023	5945
11467	1766.14721588	2904
8428	1760.37559224	2093
3224	1759.01491017	824
17523	1758.33220122	4757
29837	1755.4213752	7512
35850	1755.11502195	9005
3175	1753.30080812	812
27933	1752.90877541	6950
29177	1749.74380189	7314
19305	1749.47270737	5064
26673	1747.21536652	6608
25005	1746.96383008	6065
29474	1738.4172807	7409
7605	1733.88627474	1846
22931	1732.93837643	5567
22917	1722.0163511	5563
13038	1721.73092874	3330
34454	1718.07309131	8587
14838	1711.31896371	3921
27283	1706.74492551	6825
15125	1702.52665826	4029
10936	1696.63366763	2772
35598	1691.50004281	8921
37127	1679.86282806	9275
34027	1664.62549219	8524
18113	1663.31805515	4821
4056	1655.5955086	1037
6660	1655.0849634	1660
1395	1650.64399662	398
5261	1650.04649597	1387
30594	1641.96674197	7722
18381	1634.55601296	4847
462	1630.85721783	126
29093	1630.41955494	7284
19523	1627.48264214	5127
1944	1624.93956539	520
22147	1624.33584443	5430
7783	1622.50092783	1890
168	1617.46697816	37
15881	1615.42274925	4303
7849	1612.91617325	1913
25689	1602.3733918	6279
34407	1597.511608	8580
4700	1595.67573424	1216
11492	1592.08929221	2915
10575	1591.03192674	2699
7977	1588.07528703	1960
30168	1572.05941093	7613
15382	1565.35499612	4117
35548	1562.12061356	8906
29458	1541.10165262	7399
15377	1538.94911346	4115
12810	1537.3974577	3245
28829	1531.84506833	7210
33167	1530.85656957	8308
27900	1527.34773395	6947
4375	1526.77123107	1128
18371	1515.58891449	4842
881	1514.84016654	227
12670	1509.15531994	3216
11554	1507.47519081	2925
1655	1505.3689702	465
7926	1503.61437779	1938
16979	1497.62639266	4630
8552	1497.49759765	2114
17966	1497.19209027	4811
11644	1495.91171439	2958
32290	1493.01926335	7991
29151	1492.0881219	7303
30458	1489.77871225	7671
10639	1486.15353716	2713
10238	1485.64296219	2607
32581	1480.40431345	8109
5829	1477.12561105	1506
30511	1476.52553308	7689
10228	1475.53325659	2605
33542	1475.36230835	8442
29827	1475.28874069	7510
30636	1466.81929077	7740
10679	1464.17824857	2729
30038	1459.53115108	7557
16732	1454.33254105	4592
15646	1452.94055614	4214
29652	1451.83186482	7462
30063	1442.01795217	7569
30830	1441.63069163	7767
22142	1437.62174106	5429
265	1434.29651747	63
17445	1432.35958575	4735
4365	1431.50202256	1127
8411	1424.85746697	2091
9258	1422.60523779	2319
33308	1422.17194264	8360
14437	1420.33247139	3778
20436	1418.84646665	5321
15930	1417.79095868	4319
1406	1414.76760433	402
13140	1406.83185544	3361
7969	1403.07776205	1957
4086	1396.97001233	1049
4233	1386.84374637	1079
2312	1384.5353715	605
12004	1375.86158159	3064
2826	1375.72638396	718
25929	1372.01147203	6353
1239	1369.53032449	345
30054	1368.63696927	7565
27606	1368.556507	6900
9472	1357.87583824	2380
14424	1355.64356882	3773
6482	1350.77182353	1646
10672	1347.62655203	2726
10404	1347.39920917	2654
11926	1346.68420299	3040
4010	1341.14873925	1019
30466	1331.98549787	7674
28630	1320.34273997	7142
4359	1316.04897645	1125
13497	1315.65775953	3490
15924	1312.59175704	4317
10654	1309.89053461	2715
20762	1304.28224375	5372
25453	1301.52135458	6194
36229	1299.07563393	9155
20353	1293.20876917	5300
10082	1289.81588609	2546
19542	1285.37481543	5132
32838	1279.1035115	8207
35031	1277.1717605	8729
14601	1272.07803015	3841
19898	1268.15527643	5209
8085	1267.61708891	2000
14262	1264.85693807	3716
1392	1252.58761861	396
31648	1247.39030145	7894
33161	1244.28408886	8307
35809	1242.14426102	8992
18417	1241.76580337	4863
5058	1237.59318865	1319
23748	1237.49729435	5786
6757	1236.40503453	1679
33182	1235.93177663	8314
11556	1232.89924615	2926
29461	1228.69569521	7400
29847	1225.47156639	7516
34741	1220.49054156	8649
13847	1218.48528925	3580
19683	1216.38011585	5174
13997	1215.76363139	3623
26503	1212.60275959	6544
8184	1212.29552296	2028
28790	1208.04109017	7186
37909	1207.7980208	9585
19445	1205.70575071	5104
13860	1204.38152382	3584
24090	1203.36092185	5868
8829	1199.22282723	2185
6039	1197.25235369	1549
28388	1196.35961646	7073
30134	1194.73166871	7596
15648	1193.95564241	4215
13665	1191.95327148	3551
11725	1190.42705723	2987
23385	1180.69110805	5681
4328	1179.72919703	1114
29689	1177.68123849	7476
4874	1177.51643275	1275
7550	1174.01607736	1823
2098	1172.54356819	560
37420	1171.49043074	9403
32473	1168.67213509	8065
1254	1159.97656108	352
31008	1156.81603738	7802
9397	1156.4219414	2362
8851	1154.67461817	2193
29816	1152.08743914	7507
35846	1150.38877321	9004
2227	1142.37109691	589
12926	1136.93056333	3282
30032	1135.88814135	7555
28928	1133.24050879	7238
32727	1130.52976548	8166
26794	1129.75674394	6652
914	1118.16987122	236
7583	1116.88468266	1838
560	1114.46588961	147
32745	1114.16497219	8173
8900	1110.56736734	2201
5549	1109.33076666	1438
16131	1106.56110167	4399
10984	1105.3320974	2791
4636	1098.95964796	1206
29798	1097.67690032	7502
569	1097.31187223	149
28607	1096.55826376	7133
20461	1095.41699552	5326
28782	1092.79071867	7183
20685	1083.66945291	5354
33031	1073.75982817	8261
28460	1071.19288485	7095
17304	1070.35334786	4701
28158	1069.20991862	7018
37384	1068.69786506	9392
904	1068.55178017	233
30403	1067.93334755	7661
26483	1066.24404525	6536
34439	1057.45617006	8586
9925	1057.30127397	2488
28940	1055.89219106	7242
9060	1055.4729774	2241
5735	1052.67138854	1484
1796	1051.93987994	489
32650	1048.57733035	8131
11873	1045.11832582	3032
2399	1043.77784916	626
1483	1043.66357518	422
4938	1043.16332966	1288
18455	1039.31209869	4871
33144	1036.06415417	8299
24338	1035.41471448	5954
31555	1034.95647779	7885
14916	1032.94889099	3957
8918	1029.21992888	2206
23729	1026.49111142	5782
15267	1026.25051343	4078
1573	1025.6539337	439
30530	1024.02356196	7695
33364	1022.05519526	8375
1173	1020.57365702	316
9175	1020.00685021	2285
8681	1019.92070494	2152
27954	1017.51975723	6958
15229	1016.69806622	4069
30556	1014.7507104	7708
1373	1013.68260718	391
26886	1012.16969305	6688
1220	1007.34658591	336
26395	1007.1310866	6511
3584	1006.84882703	923
9339	1005.83217144	2344
28807	1003.55507133	7195
30633	1000.90397051	7738
29454	1000.37082782	7398
29749	999.543574041	7493
29491	999.046139632	7417
15300	994.91680848	4093
35567	994.794580498	8911
25016	994.60949238	6072
28386	994.466360272	7072
15140	990.8555635	4035
6396	990.644528723	1634
7028	986.625931345	1724
26729	986.174353141	6626
32917	986.148932775	8233
33099	985.088866664	8285
15256	984.001634773	4075
24364	983.940636004	5961
5161	983.303506264	1355
29242	982.791842816	7340
28603	982.684898242	7132
13845	979.351717692	3578
7776	977.830722808	1887
26147	975.193133618	6436
30146	970.443166063	7600
10207	966.059916041	2595
16210	964.664884747	4421
29075	963.145204788	7277
3123	962.662417129	789
23801	961.258169801	5801
35064	957.635335499	8736
27523	956.319654141	6881
32466	956.319654141	8063
20477	952.109515003	5329
14042	951.132645573	3639
8071	948.514330625	1993
1311	948.342473684	373
34398	946.196097172	8578
6136	940.905090492	1577
23669	940.250357075	5759
13512	938.436312393	3498
30129	935.047663077	7595
31427	934.672684699	7862
17231	934.632039354	4680
11135	934.187607556	2816
989	932.945893625	265
24229	929.567745594	5921
23752	929.517950794	5787
19404	925.63154695	5089
32560	924.58097605	8100
23819	924.33010158	5807
3043	924.269727811	762
30002	923.043390644	7550
29145	922.539567388	7302
14112	922.191177104	3664
11627	920.965393517	2951
9284	920.16802468	2324
35060	915.017817343	8735
17670	914.867794063	4781
37242	912.854556406	9333
1726	911.587489924	483
10430	910.857334438	2666
4029	909.943294776	1029
37240	909.573277635	9331
587	907.260981332	153
14733	904.028837458	3888
19666	903.722887429	5167
24816	899.391970138	6025
27222	899.135908877	6806
15872	897.52270224	4299
32689	895.424905915	8152
25472	894.210713753	6203
32316	891.417859208	8002
13490	883.918269035	3485
36134	881.62188009	9124
30085	881.536031902	7576
25982	881.413717822	6374
11674	879.194039898	2965
8056	878.925715102	1984
25163	878.774934978	6111
32364	878.319096132	8026
26902	878.299786294	6692
1660	878.192921731	468
16216	876.406660694	4424
24967	874.989507184	6053
11373	874.758247946	2868
18369	871.257656948	4841
32789	870.491976496	8188
13782	867.839059545	3565
1228	864.675235893	341
359	863.338729226	90
17879	860.290058796	4802
28527	860.06670517	7121
17267	859.482195776	4691
8575	857.997759664	2121
23049	855.07291966	5605
36131	850.994380234	9123
28106	849.790927224	7004
830	848.612611375	213
35717	848.331826022	8960
14768	848.052657301	3903
30555	846.100788609	7707
14408	845.195493784	3766
28433	844.758548086	7087
1683	844.202699342	478
5172	843.488102459	1362
33134	841.17146628	8296
4273	838.151607012	1088
16499	834.536748012	4525
12558	831.734080971	3189
16361	827.995011167	4479
16289	827.420299829	4449
12266	826.597758751	3121
10079	825.803192441	2545
28508	825.78130935	7114
29165	825.318401575	7310
33085	824.289064338	8282
30487	823.825747604	7681
14041	822.840329638	3638
34456	820.569807017	8588
15912	818.884288935	4312
2255	817.431412293	596
8977	816.324738226	2216
29528	814.834882262	7429
14368	812.995010785	3747
37382	812.507735846	9390
837	810.475322221	216
27250	808.973467516	6817
10960	808.130402379	2778
13102	806.861818471	3346
28063	806.137417776	6990
28305	803.198700071	7050
14075	802.348738594	3649
18150	800.201228107	4824
607	799.483192945	158
11716	798.415685536	2981
1188	796.585172831	326
30106	794.843282066	7583
37319	793.995593437	9356
4579	789.339320316	1196
8125	787.51786183	2015
33443	786.272615001	8406
11619	785.345262535	2948
4923	784.641296021	1282
33078	784.460968577	8279
23402	784.292361832	5685
33288	782.987630578	8352
10798	780.530599194	2749
33056	777.067662642	8267
30239	775.233830622	7642
15427	773.529233262	4136
9249	772.04032726	2314
26766	771.410691231	6643
4297	770.063033781	1099
879	766.336507616	226
12149	765.248567816	3079
26905	764.980557806	6693
3297	763.615628878	848
3620	762.209791513	933
25724	760.490322835	6296
8902	760.106887195	2202
14037	758.127245992	3636
24335	757.653641082	5952
19945	754.773180186	5223
35814	749.247355235	8995
17287	748.876432397	4694
11761	747.218263884	3001
37430	747.140865302	9406
3613	746.871192875	930
14842	746.188524701	3923
34180	745.872644089	8549
26531	745.728172508	6554
25489	744.514431241	6207
16592	744.181259472	4543
35210	744.04048983	8790
15516	740.46087013	4163
15999	739.983417733	4339
31464	739.568893492	7867
22206	737.767018895	5432
36085	737.701041441	9106
30543	735.383779266	7700
34206	735.341700904	8553
2237	735.112650451	591
30194	734.879411549	7626
13489	732.709895373	3484
25785	732.055485323	6314
28125	731.783775449	7010
32744	727.634211766	8172
3422	726.811603956	885
3083	726.763042793	776
30992	726.145655348	7797
16116	725.934395796	4393
32336	723.83545071	8013
14299	720.433877018	3729
6744	720.105551041	1676
11300	719.312636975	2850
9239	717.673225738	2312
32902	717.221181297	8229
16064	716.369003352	4368
21996	714.822817425	5426
16029	711.988927388	4352
32655	711.621214316	8133
5178	710.88006827	1365
19123	710.824911865	5020
32243	709.220091586	7976
31009	708.229239878	7803
24082	708.095377147	5866
23306	707.81181464	5662
20413	707.722196843	5313
5969	706.084224958	1531
677	705.890402159	185
8081	705.096802307	1999
1432	702.615596976	412
12872	701.35547004	3260
33566	701.082353646	8448
8073	700.535427983	1995
10667	700.46884984	2723
16272	700.46884984	4447
26949	699.34117406	6714
10099	697.377778806	2554
14734	697.015341618	3889
17848	696.638375982	4796
8769	696.345173829	2166
29387	693.730174461	7381
29675	692.194220514	7469
9995	690.131024031	2515
8478	689.093373689	2099
11097	687.930790797	2812
1040	687.357902735	278
16004	685.955556148	4341
15797	685.429161004	4274
19501	684.648518955	5123
13979	682.746797062	3617
18357	682.158079027	4837
29605	680.84861786	7447
30169	680.842063559	7614
274	680.164942374	65
8058	679.655902224	1986
14971	679.511343217	3973
24129	678.574871436	5884
37330	675.13732696	9360
15215	674.305043267	4061
18936	672.782462843	4976
22855	672.511234782	5543
22808	670.633642161	5526
32735	670.485849129	8169
13083	669.095938951	3340
6345	668.683667526	1625
13207	667.865370793	3386
18364	665.141653074	4840
37234	665.020360266	9326
29754	664.495712981	7494
3072	664.03890558	770
1428	662.67598304	410
28806	661.044959373	7194
27240	660.681890954	6812
28994	658.787017448	7250
33631	657.620435462	8461
23384	654.815483489	5680
16820	653.846748402	4603
26958	653.522539551	6718
28154	653.081684957	7017
35220	652.917892511	8793
17338	652.325840065	4712
6215	652.049318185	1596
8101	651.624586747	2007
26711	651.553483397	6623
37219	644.675956686	9318
29351	644.330210886	7370
532	643.933755772	136
16167	640.29374395	4411
24119	639.964463309	5879
28494	639.890816454	7106
4648	639.257072059	1209
17237	637.427749028	4684
24604	637.11629114	5993
22810	636.1856246	5528
16721	633.699421148	4588
12711	633.22593515	3227
32888	631.990375933	8222
30234	631.06875877	7641
3365	630.958527469	866
15558	630.835790176	4181
29905	629.187829039	7531
4517	623.395923032	1179
7847	623.135112521	1911
2094	620.522201918	558
26746	618.055948655	6633
31334	615.302818262	7845
26353	614.398859519	6493
5660	614.331857995	1468
5890	613.563219587	1525
10064	613.289858771	2537
25219	610.585329668	6122
30224	610.468363527	7637
31043	608.017001027	7811
37238	606.969161179	9329
28355	606.15424167	7058
32399	605.12063493	8036
23314	604.387288505	5667
34749	604.012688145	8650
24162	603.305172185	5898
11691	603.197394602	2972
28137	603.085361393	7011
11805	602.507499297	3011
35478	601.955529292	8879
3416	600.715270876	883
10674	600.465298228	2727
17471	599.626873801	4746
32313	599.595976304	8000
23053	599.145066845	5606
32661	595.852613831	8136
5307	595.424128301	1396
14607	591.893716558	3842
30587	591.399072495	7719
9367	591.098335541	2352
38060	590.439386886	9625
3616	590.350933449	932
12489	588.631215007	3172
25605	587.717630176	6246
14773	587.160863566	3904
13034	586.38948257	3327
4511	585.426049745	1174
26559	584.563076868	6563
2464	583.612697235	635
24730	583.240116005	6012
28211	582.871633091	7035
11740	581.640476165	2992
9188	581.170176787	2293
35902	581.144794003	9020
23389	580.049537352	5683
26439	579.962472755	6524
34214	579.632909198	8554
36102	579.342945201	9111
11685	573.236453537	2969
28667	572.429226675	7153
2901	572.242388335	733
30492	571.44500096	7684
3143	571.078564126	798
919	570.14314544	238
19475	570.121589547	5116
5287	569.875427205	1393
6292	569.750979712	1611
27599	569.267083558	6895
38011	567.424198821	9613
33347	566.220844192	8371
19590	563.73833135	5141
28804	562.998727118	7193
4627	562.500234217	1201
4084	561.014954832	1048
30073	560.885351665	7571
12966	560.739399178	3300
7815	560.407073641	1901
11594	559.768226404	2938
35738	559.468329108	8964
10266	557.776902379	2618
258	556.65268138	61
14977	556.022740722	3976
3454	553.658193824	892
4067	552.896375006	1040
29099	552.69968255	7287
15725	549.901520052	4242
30116	549.786675244	7587
26646	549.626721968	6600
35426	548.283472894	8865
11437	546.687225665	2891
23428	545.83055663	5695
20494	545.13554218	5333
11344	544.90643745	2861
13088	543.301623496	3341
8924	543.301623496	2207
23680	543.301623496	5765
7573	543.075774151	1832
28078	542.392051946	6994
17885	540.971800338	4804
14832	540.79205844	3918
6313	539.872759809	1617
27759	539.528452679	6931
33305	539.215368095	8358
23977	539.147307373	5840
35854	537.455840107	9007
26930	537.030053125	6706
11553	533.004569687	2924
21097	532.570992424	5389
33296	530.799748601	8355
15220	530.051174433	4064
26091	528.465796849	6412
14788	527.016104257	3906
6233	525.969939969	1599
35114	525.076128668	8760
9066	524.981923143	2244
3349	524.922695906	861
30788	524.477408834	7763
30285	524.307739732	7647
11732	523.709155961	2989
25022	523.603598897	6073
321	522.37901819	81
28099	522.08786908	7000
14308	521.286250372	3733
9297	520.798931263	2329
29821	520.083323909	7509
28403	519.081578166	7079
26562	518.350395037	6565
19212	518.26206276	5040
7559	517.577452276	1825
29844	516.835118403	7515
25936	515.552089376	6356
825	514.450132427	211
30577	513.812727639	7714
32573	513.479145842	8105
8997	513.185096802	2223
26500	512.6985549	6543
9937	512.533719059	2494
20658	512.238896943	5351
14558	511.367544637	3824
4263	510.286834928	1085
941	509.687835407	252
11642	509.191063642	2956
33328	508.40377627	8368
7735	507.96414742	1870
11474	507.109061119	2908
2242	506.002188074	592
29160	505.614923819	7307
18799	501.810027939	4938
37150	498.558394527	9285
2579	497.539340881	661
11537	497.463045726	2922
15082	497.343225081	4011
25617	496.946309581	6252
15565	496.099345414	4185
18099	494.466023158	4819
15325	494.281127741	4105
1972	494.080377373	529
31554	493.829763634	7884
3351	493.811971447	862
1777	493.185072047	485
30099	492.170463942	7581
23615	491.553269984	5735
29599	490.535682482	7446
30182	490.152646508	7620
29084	490.14679082	7281
34478	489.222559939	8594
24343	488.066424238	5958
32515	486.949919705	8080
27528	485.322382083	6882
28669	484.145692054	7154
30392	482.764435145	7657
32588	482.445520039	8111
29361	482.33671711	7373
25558	481.817198745	6228
3136	481.41452655	795
11939	481.227524466	3046
24679	480.831317913	6006
4487	478.003520657	1164
16426	477.823701466	4500
11752	477.427133859	2997
3302	477.297412823	849
3884	476.952962364	988
19970	476.847683239	5230
28677	475.819750753	7156
13519	475.637135779	3502
4438	474.97921026	1145
25350	474.699612036	6159
29494	473.920478729	7418
11205	473.367319646	2831
36611	472.502161267	9248
33300	472.083988522	8356
32419	469.717119906	8042
10965	469.533877496	2781
29584	468.480567209	7441
24214	467.773116574	5916
1183	465.437650325	324
11370	465.208131006	2866
19890	464.995688708	5207
8499	461.189855931	2104
1147	460.970624477	306
10143	460.926662607	2572
17521	460.734094004	4756
29231	460.111614891	7335
19530	457.052538267	5129
29868	456.760304232	7526
32384	456.732023728	8032
11835	455.823231352	3022
8247	455.5831919	2041
10429	455.039493236	2665
28186	453.372197642	7024
1401	453.019312893	400
29125	453.019312893	7295
30078	452.687751924	7572
7010	451.099026676	1718
5529	450.81453265	1429
8065	450.709882523	1989
37348	449.282121216	9369
25580	447.848549613	6238
26340	447.430273403	6487
26590	447.379233061	6577
27167	446.329826537	6777
23211	445.651146236	5641
14670	444.598246555	3863
16564	443.772176803	4539
35933	443.655356514	9033
26137	442.46309462	6433
3084	442.184570501	777
9057	441.809940925	2239
16031	441.653672711	4353
28468	441.501702575	7098
25538	440.795410563	6222
12183	440.706858911	3088
6745	440.706858911	1677
27467	440.494095011	6870
16885	439.741020382	4610
11454	439.214916768	2898
9797	438.365421059	2453
27168	437.303413205	6778
37202	436.957451934	9310
23769	436.852074057	5794
23813	436.561535741	5803
24955	436.174074731	6051
33060	435.407056178	8270
24092	434.272301337	5869
10883	433.763790686	2758
15032	432.064115432	3994
29132	431.637708969	7297
12152	430.884903269	3080
36027	429.867151904	9076
33127	428.798688932	8293
27263	427.265031423	6820
23973	426.684874054	5839
10455	426.57611058	2673
11623	426.459126814	2950
15634	426.243442072	4210
4047	426.095338374	1034
23293	423.718568237	5656
33177	423.647974718	8312
11596	423.322035552	2940
26830	423.000694429	6662
7913	422.6356254	1932
35302	421.908090981	8820
6311	421.36448761	1616
35630	421.279862626	8933
28437	420.672710475	7090
25171	420.544972975	6112
29276	419.868782498	7349
23658	419.334772479	5755
1077	418.758278838	292
1189	418.599578631	327
33384	418.558496539	8385
28611	418.175359149	7135
32457	417.852149729	8058
15034	417.081933876	3995
32818	416.758975903	8199
16089	415.927221052	4383
13218	415.411781728	3390
30566	415.183057577	7710
7887	414.422944641	1925
9941	414.410669798	2495
23928	414.163903932	5826
14070	413.950993909	3648
29953	413.669028233	7542
30539	413.476391358	7697
26454	412.468608183	6530
27778	411.446222407	6934
25451	410.33401287	6193
28629	409.379576459	7141
14828	409.212588258	3917
11700	408.493620498	2976
6168	408.483791725	1588
37775	408.135067769	9544
29385	406.159365218	7380
332	405.116825951	83
37916	404.950723777	9587
35681	404.542256521	8952
17454	403.803964285	4739
29065	402.799812927	7271
36024	402.17590813	9074
19246	402.17590813	5054
9931	402.008703491	2492
11371	401.272242951	2867
7953	400.232694709	1948
30891	400.142949713	7776
15618	399.231794022	4204
15840	398.488774071	4290
1222	398.32708043	338
11572	398.271833585	2932
19391	398.266614888	5086
19982	398.143718045	5233
13255	397.606512235	3410
16153	397.113884471	4406
15504	396.995929909	4161
15004	396.399144406	3985
16576	395.816742228	4541
35360	395.798054561	8842
24259	395.123456795	5934
23305	394.61422072	5661
29650	394.582373183	7460
14300	394.30169229	3730
328	393.109590768	82
28661	393.035395896	7150
299	392.748428114	74
28815	391.607173127	7201
2268	391.440156517	602
20704	391.239800878	5360
25909	390.617711942	6347
15877	390.058373406	4301
36054	389.930431531	9091
24450	389.177171841	5971
35981	389.073543856	9056
20085	389.011127053	5256
14225	388.964531722	3699
28107	388.741293812	7005
15758	388.349383312	4255
5820	388.186545461	1503
30806	387.5828045	7764
5134	387.511793922	1342
5378	387.205097886	1408
10002	387.060806477	2517
14891	385.141312475	3943
6730	383.449646658	1673
25881	383.066656031	6337
11458	382.496569233	2899
1394	381.812788849	397
4041	381.767873481	1031
11013	381.187168219	2800
11862	380.887888645	3028
4738	380.67402609	1228
17451	380.53787638	4737
19549	379.39717358	5133
585	378.592577384	152
6819	378.221846925	1688
18102	378.118934662	4820
10396	377.958611607	2652
30552	377.669903584	7705
2988	377.613517048	747
15925	377.307049058	4318
22942	376.681752886	5571
30494	376.57035235	7686
11005	376.427659148	2797
11721	376.256485694	2984
14311	375.901946729	3734
24339	375.126304767	5955
26752	373.817389425	6636
2576	371.753491338	660
6003	370.518765672	1539
30591	369.889495612	7721
33188	369.704725004	8315
35170	368.652895659	8776
25438	368.505086324	6190
20592	368.090310429	5340
3250	367.928783088	836
32042	367.063475626	7935
26458	366.952695491	6532
9220	366.826206829	2304
32642	365.135988694	8130
26493	364.770854761	6541
26657	362.892587879	6603
30150	362.588613167	7602
33353	362.58725777	8372
12920	362.579628763	3277
14305	362.471960169	3731
28369	362.375571595	7065
28282	359.916427645	7045
5173	359.915277925	1363
9533	359.292548248	2395
29733	359.176333534	7489
29508	359.00667033	7425
3071	358.939135805	769
27365	358.487378797	6847
15139	358.431317933	4034
34769	358.358063679	8657
7826	358.097595878	1905
3472	358.080372549	899
23660	357.797633158	5757
5309	357.754065446	1397
4283	357.546968085	1094
1143	357.164403829	304
10026	356.54635634	2524
13035	356.335854301	3328
17612	356.105823323	4775
14665	356.067733617	3860
14193	355.91109048	3692
28067	354.232466039	6991
35829	354.085056584	8998
25720	353.758874694	6295
33456	353.512169307	8411
24166	351.051071315	5900
32731	350.244045743	8167
9715	349.308309716	2432
12225	348.447700174	3104
3073	347.734414186	771
14761	347.699866163	3899
35294	347.575440772	8817
5322	346.742809714	1402
10968	345.77541465	2783
13633	345.308078087	3540
32609	344.442881594	8118
25700	342.73991285	6285
30211	342.693894408	7632
26447	342.675960739	6527
27756	342.636084892	6928
26854	341.909090441	6674
35096	341.717536484	8751
15571	341.217160522	4188
7813	340.385644372	1899
12878	340.385644372	3262
15671	340.178298612	4227
15969	340.03097665	4329
19599	339.825760702	5143
26851	339.077046981	6673
594	338.48904504	156
20377	338.128285488	5303
25959	337.463875105	6366
24284	337.391393554	5942
7892	336.948277602	1927
16579	336.505288815	4542
37309	336.4457408	9351
36228	336.247588019	9154
9355	335.894880883	2348
5644	335.820933487	1466
8069	335.719264058	1992
20714	334.998162797	5361
35421	334.998162797	8863
37432	334.998162797	9407
14383	334.512965772	3756
2926	334.157057162	735
19417	333.454529986	5092
23682	333.347321167	5766
23272	333.096043461	5653
18251	332.187553379	4829
7919	332.138505488	1935
25401	331.76307645	6177
16874	330.874804149	4607
29358	330.493051658	7372
14206	330.398804959	3695
10425	329.89644252	2663
37152	329.850881608	9287
2384	329.807840797	621
35782	329.606349149	8983
32658	328.843976864	8134
12903	328.637478642	3269
8896	328.137505962	2200
1791	327.844741028	488
3153	327.654794961	804
23670	327.633901265	5760
10151	327.589550583	2575
35976	326.841308327	9053
32249	326.528725081	7979
16059	326.528725081	4365
28184	326.451348482	7023
7155	325.519454315	1745
29549	324.995041528	7438
28394	323.799154471	7077
35387	323.717884028	8854
4771	322.841553796	1249
26093	322.551553778	6414
15574	322.460569134	4191
13560	322.044158986	3514
16061	321.975159512	4366
16393	321.491186024	4491
37917	320.786370563	9588
11363	320.517386865	2864
15062	320.512866585	4006
15471	320.487251665	4155
24216	320.038103998	5918
29770	320.033441695	7499
10147	319.318953836	2573
8325	318.69852892	2068
7430	318.585240829	1789
5290	318.529354084	1395
11646	318.230058472	2959
19881	317.860533117	5205
10004	317.794808678	2518
13375	317.485096523	3453
30138	316.417128114	7598
9346	315.116279634	2345
35094	315.09720314	8750
4093	314.510406426	1053
28455	313.950219309	7093
23816	313.537080395	5804
1920	313.093875168	511
1214	312.455649879	334
11171	311.80793662	2823
27007	311.719155784	6735
23087	311.570935781	5614
70	311.114193733	12
3085	311.088435545	778
12118	310.538424888	3076
29586	310.271024169	7442
19121	310.014859756	5019
13061	310.001392695	3337
29685	309.734066765	7474
28809	309.602559175	7197
16310	308.644747122	4457
23781	307.923851756	5798
6366	307.825588154	1628
6476	307.646201726	1645
29462	307.467421466	7401
26022	307.354032431	6386
3244	306.288821371	832
5872	306.252122849	1518
12537	306.225648129	3184
15870	306.089003358	4297
29175	304.919792721	7312
22994	304.592393343	5588
13155	304.004523208	3368
30482	303.520801739	7678
33811	303.139301318	8491
16404	302.858076611	4494
24180	302.804361579	5907
9184	302.688144828	2289
543	302.63184179	140
16801	302.579598645	4599
27899	302.373712725	6946
30123	302.087247764	7590
33321	302.022249502	8364
19711	301.838529193	5184
7098	301.608744938	1736
14927	301.602862831	3960
6132	300.650691986	1575
19208	300.056559729	5039
30644	300.004921986	7743
17513	299.81359475	4755
1243	299.791610618	348
11449	299.791270136	2894
30003	299.024301886	7551
35106	298.39393712	8756
29588	298.288491401	7443
15941	297.665644884	4322
14884	297.611198788	3939
9537	297.027681704	2398
2225	296.998710133	588
35900	296.702398758	9019
13223	296.702398758	3393
22819	296.702398758	5532
15270	295.992886827	4080
24336	295.81066327	5953
11741	295.142311688	2993
9392	295.104783345	2359
20687	294.714906336	5355
27014	294.564744624	6741
35081	294.349760759	8746
26701	294.349760759	6619
22304	294.088392309	5436
23613	292.861957723	5734
26873	292.839326409	6684
29665	292.557453457	7465
8144	292.429838162	2021
12171	292.163463534	3085
37879	291.939327581	9571
36068	291.44009133	9098
10361	291.107769465	2643
1072	291.022093977	290
24837	290.10666231	6028
19423	289.848386562	5093
25711	289.351593164	6290
2891	289.265924006	729
25663	289.234207956	6267
14086	288.955113398	3655
6386	288.800883549	1633
35608	288.534291349	8925
12974	288.019837488	3303
19263	287.769138853	5057
14166	287.229216063	3684
14947	287.122581914	3964
28301	286.564006446	7049
28808	286.102542361	7196
35987	285.165221956	9058
22771	285.075380346	5511
28863	284.845219436	7222
11427	283.112965049	2887
23541	281.986143039	5715
29624	281.922560817	7454
3598	281.904155902	927
12886	280.935273873	3263
29519	280.088609162	7427
37817	280.032033377	9551
1071	279.582245677	289
7199	278.86667375	1751
16050	278.516576032	4361
15895	278.442539123	4306
1327	278.041815956	376
10620	276.644725941	2709
35010	276.174717145	8720
32541	276.163209527	8091
19347	276.161575683	5076
28748	276.098892853	7168
37383	275.198151079	9391
16240	273.894757195	4435
20692	273.822518315	5357
22950	273.547830461	5577
9373	273.544810199	2355
18613	273.544810199	4910
3144	273.215120743	799
5036	272.103318534	1311
28867	271.885581608	7223
16705	271.829516461	4583
11012	271.799669194	2799
34835	271.682547547	8682
26654	271.073865952	6602
33378	270.442952245	8382
7287	268.997742903	1767
29625	267.335294161	7455
8809	266.41964471	2177
28286	265.845839897	7046
30599	265.742956747	7724
35723	264.437225	8961
15946	263.495656822	4323
37460	263.430581764	9418
9185	263.119507623	2290
8044	262.869145177	1979
3077	261.824077203	773
29481	261.57311907	7414
10906	260.869849243	2762
38142	260.817363845	9657
28079	260.443562461	6995
9398	260.221163304	2363
33604	258.89816694	8456
12164	258.405415652	3082
34896	258.342623957	8692
34301	258.324579904	8568
29397	258.316518823	7384
26572	258.084281401	6570
29197	257.609629907	7321
17740	257.381826873	4785
8104	257.328312107	2008
7999	256.431763838	1967
30401	256.401748004	7660
29202	255.60954091	7324
19860	254.339083678	5200
26000	254.298563128	6381
24115	254.004227255	5878
26111	253.608913841	6419
8270	253.208237229	2051
9143	253.196738509	2274
1735	253.037864331	484
32737	252.960491972	8171
6475	252.307670254	1644
32558	252.307670254	8098
28183	251.923896465	7022
12290	251.446627949	3129
23731	251.140315026	5783
17277	250.468240603	4693
35100	249.356188302	8753
2144	249.213495681	571
37296	248.769569084	9346
620	247.891273027	165
10428	247.891273027	2664
33467	247.791749795	8416
37532	247.585221741	9444
3018	247.528105021	756
11094	246.256077245	2811
30310	245.710554721	7649
25792	245.530151112	6316
9146	245.256778144	2275
38167	245.126426323	9667
26165	244.847100366	6445
3284	244.659015254	845
28393	244.442706407	7076
16957	244.378146978	4627
19322	244.360084547	5067
16295	244.360084547	4451
18710	244.181472555	4921
38019	244.097802824	9615
11940	243.777767399	3047
2509	243.777767399	647
2547	243.777767399	652
6253	243.727702956	1604
15259	243.63307639	4076
9990	243.316557027	2512
16366	243.187410713	4481
29761	243.174071638	7496
1330	242.558204641	378
20580	242.54513485	5338
35672	242.256027677	8947
30550	241.879064097	7704
2667	241.273341288	677
28400	240.243189859	7078
4239	239.752679003	1081
35344	239.335424254	8836
3347	239.330557432	859
30930	239.269247775	7785
10193	239.269247775	2589
12901	237.667743506	3268
26148	237.239193268	6437
15780	236.908238019	4267
2732	236.412710937	697
7772	235.851675952	1886
20083	235.521845687	5255
8171	235.456901873	2025
14083	235.276899186	3652
10511	233.980834747	2684
1233	233.958231344	343
16456	233.704352089	4511
32630	233.536554073	8125
22947	233.507117222	5575
29187	233.392340959	7319
17671	233.212521178	4782
10162	233.054548131	2578
8180	232.873957027	2027
28011	232.587056857	6975
8161	232.332992027	2024
13827	231.265791366	3576
10874	230.651238489	2755
2078	229.991488756	550
6210	229.176123762	1594
8258	228.719225118	2047
10342	228.248371319	2635
16184	227.866220259	4415
25825	225.688450931	6324
15303	225.508202451	4095
28903	224.832395812	7231
7728	224.614291795	1866
28002	224.503125002	6970
10161	224.2686182	2577
13526	224.212249596	3506
25263	224.156091647	6133
26183	224.108537092	6453
10069	223.783192981	2539
9856	223.54925691	2467
16883	223.300156353	4609
35285	223.030679097	8815
4633	222.686211251	1204
16159	221.95954782	4407
30490	221.699150848	7683
10009	220.397028046	2520
23381	220.146713259	5679
33415	220.032599423	8396
11239	219.561565848	2840
30304	218.921414878	7648
12788	218.875444399	3238
18420	218.70053672	4864
16392	218.621769965	4490
14478	218.27827691	3793
23032	217.753483062	5597
7069	217.587573665	1732
28045	216.608897458	6983
19954	216.594193426	5225
15016	216.345103245	3989
13541	216.302422871	3510
3265	216.061749656	841
30044	214.763822167	7560
3016	214.716379483	754
10187	214.405122973	2587
37224	214.17874766	9320
28523	214.032468486	7118
29810	213.775594469	7505
12210	212.919077758	3097
14063	212.848557213	3646
4272	212.534050106	1087
11652	212.522331086	2960
28014	212.338579366	6978
3074	212.20686416	772
30816	211.503851383	7765
7821	211.502790603	1903
10983	210.786755581	2790
3473	210.126850828	900
26394	209.901016956	6510
994	209.803553118	267
13200	209.62933427	3383
33260	209.299789315	8340
3441	209.299789315	889
4518	209.299789315	1180
12964	209.299789315	3298
6825	209.299789315	1689
25648	209.299789315	6261
26763	209.299789315	6640
14446	209.299789315	3782
3731	209.073704656	955
12608	208.352150737	3198
11803	208.169487799	3010
16069	207.902059793	4370
6125	207.402039617	1574
18841	207.326906018	4948
23628	205.582937897	5743
15018	205.579225327	3990
30046	204.339995458	7561
1662	203.529896224	469
19980	202.973396733	5232
37964	202.796270169	9602
366	202.390866911	93
26366	202.126490374	6499
18377	202.108038852	4844
23371	201.997581492	5678
33396	201.891262341	8389
8115	201.630010712	2012
23519	201.451214474	5710
3489	201.190134883	904
18480	201.087954065	4883
15466	201.087954065	4152
35092	201.087954065	8748
36047	200.134780729	9085
11735	199.347601484	2991
22715	199.204746538	5497
12924	197.728206798	3280
2964	197.717922331	742
15740	197.412557747	4250
18728	197.363854288	4924
24637	196.854687315	6000
19792	195.672051197	5186
34694	195.271427047	8634
33088	195.049815773	8283
33025	194.362353226	8259
4387	194.174691656	1131
12518	194.110699986	3178
28220	193.892891368	7039
30069	193.775848376	7570
23707	193.27328833	5773
2013	193.206416408	538
5257	192.973742797	1386
28573	192.869319347	7126
36230	191.535376003	9156
38171	190.98304577	9668
8128	190.594144291	2017
33644	190.59358411	8466
10233	190.383452613	2606
8834	190.075320719	2186
4446	189.714404201	1148
27162	189.494996701	6775
304	189.233522647	77
33502	189.133550444	8426
9326	189.110923463	2339
9676	189.110923463	2422
3736	189.110923463	956
14107	189.110923463	3663
32505	189.110923463	8077
14579	188.851003563	3831
5559	188.644770146	1441
15210	187.647138661	4059
700	187.570907672	188
9118	187.531986384	2264
10042	187.531986384	2530
10171	187.531986384	2583
37951	187.531986384	9599
9096	187.531986384	2255
25713	186.866830079	6291
23090	186.208456535	5615
30400	186.175524709	7659
10405	186.139709103	2655
29391	185.661034774	7383
35041	184.909943775	8732
35229	184.542301421	8796
11448	184.208451548	2893
11622	183.91576926	2949
2443	183.666243009	632
11994	183.340148079	3059
19877	181.679093046	5204
11999	181.348175959	3060
28501	180.830951291	7109
8619	180.799887815	2136
14986	180.697496637	3979
25745	180.530451767	6302
36409	180.397607456	9197
7661	179.865891524	1853
11487	179.614873068	2913
1335	179.505708511	379
37808	179.402395935	9548
35174	179.376586785	8778
29645	179.300141875	7459
32954	179.146321601	8243
35923	178.46907628	9029
14795	178.097720797	3908
28353	177.982383088	7056
4500	177.667969111	1171
36146	177.053239326	9128
7803	176.988970485	1894
16044	176.873440961	4359
20766	176.70788523	5373
33505	175.704877165	8428
18382	175.6343232	4848
5340	175.437680837	1403
19281	175.330743756	5059
30137	175.016059969	7597
33129	174.996398787	8294
17320	174.741470233	4705
15799	174.601643316	4275
33325	174.581419275	8367
1606	174.464754423	448
35575	174.142068567	8915
12951	174.128906885	3293
9899	173.958741556	2477
27060	173.508418178	6752
14520	172.935914324	3812
6725	172.300675725	1670
38058	172.216555695	9624
18318	171.871175768	4833
31001	171.502706228	7800
24933	171.345774084	6047
17940	171.045675535	4809
15990	171.009663039	4337
29237	170.989545244	7337
856	170.844245564	221
35401	170.557722574	8859
3255	170.371837157	839
3413	170.249914769	881
11948	169.80638916	3048
3403	169.182670936	875
4638	169.125194914	1207
4594	168.716555368	1197
30642	168.692180976	7742
4678	168.056677175	1213
11677	168.011566806	2967
19685	167.806793262	5175
14519	167.483541094	3811
34791	167.401011587	8663
15008	167.401011587	3986
28217	167.213032098	7038
29581	167.067010168	7440
29082	166.91848851	7280
2895	166.868010597	730
12791	166.460854007	3240
29066	165.951705159	7272
7902	165.514261274	1929
33426	165.09736576	8401
5148	164.924577615	1348
33105	164.178088827	8289
817	163.999557674	210
26389	162.918112843	6508
30493	162.671787724	7685
17346	162.228953014	4716
3064	162.201609455	766
37176	162.159823727	9299
32725	161.922439318	8164
1998	161.917463548	537
26171	161.75613558	6448
29431	161.251556047	7396
28786	160.958492675	7185
19479	160.566363398	5117
36193	160.079451019	9145
13231	159.657798258	3398
4395	159.632845823	1132
12232	159.457744626	3108
25385	159.303919147	6172
34412	159.079717226	8583
3339	159.027422517	855
183	158.429498641	40
17200	158.154999169	4674
30124	157.528535834	7591
8451	157.321891009	2097
29061	157.219914619	7269
35857	157.145977838	9010
37587	156.981027018	9465
9134	156.721456475	2271
26560	156.204110196	6564
35380	156.037090176	8852
20418	155.867497749	5316
9491	155.607273751	2384
29318	155.352862955	7362
10217	155.255076742	2600
15641	155.191942546	4212
15289	155.145883442	4090
12812	155.059613106	3246
29000	155.04467727	7254
24687	154.976968439	6007
36153	154.64475174	9129
33596	153.936682717	8453
12436	153.828145103	3165
4405	153.827860101	1136
11838	153.713601693	3023
28930	152.2731321	7239
29332	152.179306783	7364
1211	152.061924562	333
35957	152.038165916	9043
23762	152.038165916	5791
6285	151.487767218	1610
13515	150.783569019	3500
7939	150.653989315	1942
3246	150.647005232	833
3624	149.7795657	934
35134	149.777449253	8765
25857	148.84633866	6331
453	148.649287385	121
28519	148.501658303	7116
29078	148.204905285	7279
14443	147.895181414	3781
16026	147.692845107	4351
28203	147.685589484	7031
26845	147.319334895	6669
19541	146.722627905	5131
16306	146.214919081	4454
1136	146.214919081	301
28287	146.196015063	7047
1010	145.959240331	273
7755	145.877238313	1880
4013	145.794239773	1021
13163	145.785466322	3371
29413	145.271847048	7387
16798	145.258057469	4598
30600	144.860476958	7725
4236	144.85735963	1080
35343	144.839666931	8835
27623	144.81842999	6903
23686	144.680739544	5768
35151	144.586911318	8771
24674	143.865963144	6005
37227	143.80419153	9321
29486	143.734982784	7416
5277	143.151505108	1390
11434	142.667416872	2890
8996	142.293336442	2222
32766	141.270336496	8178
26826	141.030206251	6660
8094	140.835679527	2004
11397	140.757269285	2879
10976	140.64428386	2787
30207	140.29283123	7631
35144	140.164827281	8769
3099	140.044304581	781
3154	140.044304581	805
19610	140.044304581	5147
13306	140.044304581	3427
37181	139.928938396	9301
37285	139.822482212	9341
19641	139.762925827	5157
25697	139.451965335	6283
4003	139.133768868	1015
9365	139.129404724	2351
13279	139.011605188	3417
3158	138.951266648	808
30630	138.822954605	7737
5067	138.619178287	1320
11733	138.014571887	2990
18465	137.481242639	4877
16187	137.4584511	4417
37174	137.183658601	9297
3490	136.77391523	905
14903	136.620807216	3950
15788	136.484083132	4270
6485	136.459841573	1648
14627	136.27044229	3849
37908	135.45462027	9584
36615	135.133738641	9249
25884	134.628885362	6340
37231	134.3494683	9324
11415	134.296124275	2883
310	133.882226601	78
31320	133.711807069	7844
12967	133.34790871	3301
8804	133.209822355	2176
11749	132.883699933	2996
35480	132.878373448	8880
1194	132.09162243	330
10120	131.735856487	2564
27095	131.58082729	6762
13599	130.804015939	3530
32348	129.87023449	8018
29610	129.861481805	7450
32866	129.002520825	8216
33393	128.608070715	8388
13525	128.106457657	3505
28443	127.939064065	7091
15695	127.862546026	4236
29422	127.729149795	7390
15722	127.53652666	4240
8571	127.399421129	2120
6483	126.983788808	1647
31305	126.804790489	7842
15417	126.42940546	4132
2616	126.151114395	672
32579	126.112353658	8108
14016	126.080455425	3629
14551	125.987468915	3821
5131	125.936948802	1341
452	125.738864127	120
10495	125.031957236	2678
31851	125.021533902	7921
35754	124.970796571	8970
27680	124.843405242	6910
4386	124.649823135	1130
12220	124.550698785	3101
18146	124.480956587	4823
34827	124.082449775	8677
26020	123.615406096	6385
10034	123.558093022	2528
36082	123.558093022	9104
3486	123.558093022	903
15762	122.972986515	4256
3156	122.848356764	807
5288	122.848356764	1394
415	122.61945217	106
37514	122.619086833	9439
5120	122.574995349	1339
31242	122.152858113	7835
7505	121.991279689	1807
29108	121.272025104	7291
10925	121.101539422	2769
33611	121.100428343	8457
3253	121.038884199	838
37728	121.034436718	9528
4770	121.031897346	1248
30153	120.901861904	7604
27253	120.867150258	6818
25797	120.616882335	6319
33137	120.372419379	8297
5841	120.277310993	1508
29297	120.066528008	7356
30313	120.044245949	7651
26133	119.585239865	6431
29274	118.876951552	7347
10765	118.743468968	2748
1686	118.743157095	479
30113	118.730332525	7586
3839	118.451763752	977
2369	118.143242276	618
15994	118.143242276	4338
15656	118.123469147	4218
33427	117.952885707	8402
33006	117.465370898	8254
17261	117.326170375	4689
11090	117.200266967	2810
7500	116.528933041	1805
8261	116.436408668	2049
10900	116.304742752	2760
33574	116.26237713	8449
10359	116.233096251	2641
9926	116.156143078	2489
12425	115.939354234	3163
11689	115.719629294	2971
15444	115.719629294	4143
29402	115.712265706	7385
7952	115.588324473	1947
23016	115.570671633	5595
16712	115.2110477	4587
32559	115.056315251	8099
31035	114.706937014	7810
33597	114.413147373	8454
8361	114.376988045	2081
6044	114.195101624	1552
8439	113.941173697	2095
30247	113.540593899	7646
24750	113.256099292	6014
3998	113.184552838	1013
2594	113.172538305	666
30083	112.929624355	7575
24775	112.835546468	6015
31363	112.56652584	7848
10078	112.292537236	2544
12928	112.292537236	3284
34795	111.90328753	8665
34226	111.706752933	8555
4355	111.630550907	1122
9232	111.624108142	2309
35456	111.478264622	8872
14396	111.331851099	3763
7574	111.114838918	1833
17228	111.098116839	4679
30707	110.928839743	7750
1209	110.493460273	332
24276	110.230331733	5938
14976	110.203979521	3975
34261	110.203377342	8561
18943	110.108526776	4978
32318	109.895272122	8004
538	109.752335837	137
6244	109.62031906	1601
15448	109.390701834	4144
12989	109.311883721	3308
37653	108.679302991	9487
3315	108.566325144	851
29185	108.500801686	7318
10106	108.387708593	2557
37167	108.056788506	9293
6962	107.873405815	1708
23006	107.869957122	5592
5707	107.74905152	1476
9253	107.74549292	2315
33312	107.618919043	8361
26535	107.52484593	6556
5705	106.763006464	1475
10278	106.760049862	2622
11982	106.619182219	3056
9450	106.42146091	2376
26339	106.009555191	6486
5130	105.850040589	1340
32335	105.649326318	8012
16109	104.873704912	4390
30625	104.772949784	7734
28732	104.76418638	7166
19927	104.653424084	5217
12188	104.540449246	3090
35098	104.429355995	8752
1260	104.409675777	354
29695	103.964839595	7479
28159	103.958395277	7019
33518	103.917585229	8434
28080	103.882774551	6996
34165	102.896600834	8547
33068	102.752142226	8274
33510	102.542292442	8429
16234	102.422543801	4432
24138	102.335939845	5887
18152	102.21305785	4825
6728	101.808803591	1672
28525	101.465450453	7120
14091	101.415143615	3657
33080	101.353276441	8280
13128	101.301420993	3357
18864	101.220172746	4957
26922	100.957600778	6701
26045	100.807677173	6393
29008	100.694326887	7255
28061	100.519908541	6989
16731	100.079429257	4591
9142	99.5918717564	2273
28365	99.5704959101	7063
2351	99.568853164	615
14010	99.4597225046	3627
29465	99.4501886267	7403
35248	99.3390426058	8804
12674	99.204751193	3217
18897	99.0804160167	4964
37125	98.8355393692	9274
3102	98.6148203994	783
26413	98.4117898628	6517
4451	98.3262966763	1150
29759	98.1361743271	7495
1910	97.8312701187	509
29728	97.1180310464	7487
9108	97.0504375433	2261
28463	96.7354823898	7096
3120	96.5146462118	788
3335	96.39157009	853
16338	95.8068509473	4475
16230	95.7808846319	4429
30841	95.6942022722	7771
28896	95.6941033503	7228
15086	95.3760911278	4012
17833	95.3181943548	4793
18406	95.2968526082	4858
9989	95.0060991501	2511
30221	94.6167613235	7634
18187	94.4431350483	4826
14121	94.362394188	3665
28200	94.3504000248	7030
16890	94.1492962664	4611
26158	94.1449800648	6441
31144	93.8345081744	7823
7594	93.1964684053	1842
14689	93.1234841034	3872
25913	93.0842727852	6349
17881	92.9503181002	4803
17013	92.5109265554	4638
28783	92.4331324723	7184
15468	91.9906175416	4154
9380	91.8088520343	2357
8558	91.0330735824	2115
35965	90.8071053633	9047
18452	90.6722648316	4870
18430	90.3321292028	4867
22646	90.326658392	5479
13139	90.1371206497	3360
37981	89.9632056422	9607
7281	89.9169784841	1766
27362	89.6459963138	6845
13005	89.3513634672	3314
12793	88.7914375449	3242
35667	88.7691326292	8946
36233	88.7213592827	9158
25715	88.4821878643	6292
33470	87.3446995685	8418
8765	87.3430681658	2165
26679	87.2435246037	6610
15809	86.5883663497	4279
4403	86.460747324	1135
12999	86.1002691419	3312
33460	86.0280938004	8412
17356	86.0280938004	4718
19243	86.0280938004	5052
19334	86.0280938004	5071
32961	86.0280938004	8244
16451	85.8041230307	4508
13595	85.8041230307	3529
37351	85.4044917884	9370
10158	85.299353	2576
25213	85.1710864515	6119
35045	84.9049985334	8733
29091	84.9027034365	7283
9189	84.1053589334	2294
13898	83.9746519363	3593
7996	83.8431859999	1966
10357	83.7837659542	2640
23725	83.7314622481	5779
4278	83.6839449007	1092
30578	83.5052292974	7715
32321	83.4272882558	8005
26468	83.239429303	6533
28920	83.1855374563	7236
16307	82.9697214596	4455
15203	82.3655055844	4055
29114	82.3494031567	7293
23727	82.306280346	5781
29018	82.1523160151	7258
29429	82.0130724436	7394
35758	81.9298533272	8972
34150	81.9269871354	8544
36556	81.0762448799	9231
35619	80.863297905	8929
32550	80.6788323353	8095
5792	80.6564891793	1496
13578	80.24846501	3521
3702	80.0911547066	951
10727	79.7767689936	2743
2899	79.6086948715	732
19374	79.4434685769	5080
7538	79.1699431945	1817
3628	79.1363523189	936
15216	79.1032527687	4062
28778	79.0976329201	7180
18617	78.689464477	4913
984	78.5119285588	263
23673	78.1671196731	5761
15828	78.1509884493	4285
35594	78.0500870973	8920
19650	77.7244468045	5163
2949	77.5935235621	740
11227	77.584415959	2836
25463	77.5156215783	6199
7980	77.5156215783	1962
16422	77.4285843203	4499
2217	77.2365659024	585
35177	77.1018570954	8780
6975	77.0516167446	1714
14870	77.0353008778	3936
15116	76.8627719423	4023
1479	76.8372989941	420
22493	76.7783415426	5449
17374	76.2930910115	4720
32795	76.223905238	8190
30108	76.1663707684	7584
16415	76.1585532759	4497
7746	76.1245254257	1877
19341	75.9600386528	5075
14539	75.8616918428	3819
31812	75.3483102319	7919
31397	75.1861005584	7855
35444	75.0149969106	8870
611	74.9879333407	161
13933	74.7841288843	3608
22460	74.7337596558	5444
18385	73.9496216054	4850
15345	73.9416124205	4109
15626	73.6914578514	4208
37154	73.6063386568	9289
12335	72.584071332	3140
14470	72.0555276444	3791
7523	71.7984446077	1813
25543	71.6668848396	6223
15309	71.2826725684	4099
26547	71.2114124458	6561
35983	70.9471784235	9057
22928	70.856560875	5565
25731	70.5209703397	6299
8133	70.4607900934	2019
23643	70.3988466183	5748
25931	70.3132223879	6354
27351	70.1238080707	6842
21671	70.1238080707	5418
16247	70.0622983715	4440
26386	69.7891195792	6507
5517	69.6795155517	1427
32314	69.5668844342	8001
15795	69.1246774206	4273
17524	69.0211599108	4758
25380	68.8065326262	6169
25707	68.7582384973	6289
10200	68.6397132913	2592
3220	68.6339431435	822
2233	68.579512291	590
25356	68.4763268915	6161
19602	68.2733095088	5145
23772	68.1925595905	5796
29552	68.1590436341	7439
18468	67.8163266641	4878
36020	67.5121755434	9071
33371	67.3980817618	8378
12019	67.3980817618	3070
12508	67.3980817618	3174
18391	67.3061161083	4853
1278	66.9789023726	362
8353	66.657576481	2079
37684	66.6049111775	9497
6283	66.4951976852	1609
18344	66.2067637932	4834
30580	66.1977550314	7717
29040	65.8286237297	7261
28580	65.4876326253	7127
19437	65.3340297874	5099
5723	65.1340162809	1481
36182	65.1173190264	9141
26848	64.9906884259	6672
14991	64.9840718818	3981
15897	64.9840718818	4307
18909	64.8923618778	4969
28493	64.8640135121	7105
30205	64.818310905	7629
2513	64.1868329755	648
30190	64.1369069974	7625
23703	63.8543583759	5772
26783	63.8246125021	6647
5171	63.5488913758	1361
31361	63.4384664283	7847
29019	63.3119681662	7259
34654	63.2331817351	8625
27578	63.2147027299	6891
3116	63.1112026851	786
7464	63.1112026851	1800
29638	63.0734342739	7456
18591	62.8406217707	4901
25407	62.7627341505	6179
2093	62.7627341505	557
25468	62.3765303319	6201
38187	62.2920006412	9674
6594	62.2103451978	1652
29205	61.7328873105	7325
23956	61.675521773	5835
27602	61.4108741939	6897
32217	61.1921035059	7968
7597	61.1235878892	1843
32876	60.887946607	8219
660	60.6045528337	180
4680	60.573822261	1214
14820	60.4601175243	3914
17788	60.4552475102	4790
32674	60.3711911406	8144
10980	60.142242729	2788
728	60.0418938055	192
14656	60.0233721465	3857
23715	60.0233721465	5775
37662	59.9438652344	9491
4106	59.4466692462	1058
26053	59.3549938594	6396
2186	59.0998184216	580
25989	59.0716211379	6377
13492	59.0716211379	3486
8734	59.0716211379	2161
35205	59.0716211379	8787
31262	58.7975047687	7839
11661	58.5852322395	2962
23037	58.5314097238	5600
26359	58.4718635026	6496
11931	58.3068332968	3041
32194	58.0739301389	7962
28795	57.7087230103	7188
14143	57.5144720313	3677
3215	57.4458432126	821
13036	57.2252406984	3329
6737	57.1577849167	1675
25873	56.6428207128	6336
38185	56.6336790189	9673
9552	56.6054442173	2400
32722	56.5731563949	8163
5859	56.4257568133	1514
28060	56.3433621831	6988
15324	56.1515433618	4104
8223	55.8001969566	2032
32415	55.4951447329	8040
33466	55.2024000032	8415
6143	55.1970508218	1582
29139	55.0562316384	7300
8860	54.9694942072	2194
19155	54.9135936341	5028
13351	54.8761679185	3441
6054	54.6426272601	1555
12159	54.613345876	3081
26149	54.5538969112	6438
1279	54.452998081	363
7509	54.3915562211	1808
2998	54.3338859094	751
33448	54.3219111633	8408
25424	54.2701192849	6183
13867	54.2251938257	3586
1007	53.7775280512	272
3324	53.667491848	852
36154	53.5419515964	9130
32914	53.294974144	8232
8012	53.294974144	1970
13760	53.2158594633	3562
28138	53.0265916765	7012
22932	52.7773843834	5568
37965	52.3639320585	9603
38157	52.2865713641	9664
35341	52.2225924749	8834
22451	52.1547744452	5441
30652	51.9931262899	7744
18458	51.9559464582	4873
30176	51.9076726846	7616
33255	51.7004578773	8338
29313	51.5586708033	7359
32547	51.4363651714	8093
12212	51.3543659016	3098
19659	51.0558210437	5166
32374	51.04942213	8030
32091	51.04942213	7944
33410	50.6507104965	8395
13662	50.6507104965	3550
29382	50.527295925	7379
35372	50.4300809617	8850
25794	50.3823084306	6318
6555	50.3033241856	1650
13800	50.2696272036	3571
8585	50.2696272036	2124
7790	50.1758181355	1892
35382	49.9708199611	8853
25258	49.0800254111	6131
32068	49.0720199435	7938
15341	49.0391729515	4108
348	48.9551506223	86
36643	48.4145413212	9252
16074	48.0616567962	4374
33281	48.017125636	8348
6977	47.9168975913	1715
27210	47.9128374919	6801
1590	47.8999920802	444
10019	47.7817344808	2523
11374	47.6835394205	2869
35163	47.6835394205	8774
19874	47.6769001442	5202
12402	47.6769001442	3157
8074	47.4883123214	1996
8836	47.4266430054	2187
12383	46.9666027161	3150
13278	46.835497652	3416
24647	46.6763103347	6001
37347	46.3816215452	9368
7716	46.1212467861	1863
15081	46.1199196225	4010
30164	46.1156653605	7610
29337	46.0608070741	7365
27960	46.0552906868	6961
25933	45.9139989183	6355
35918	45.7955127275	9028
23296	45.790408257	5657
9641	45.7196748607	2415
32331	45.5431662708	8009
34730	45.5227082777	8644
1320	45.3183635963	374
7308	44.958489242	1769
16185	44.9209799434	4416
18866	44.894452797	4958
4098	44.8774589526	1055
26745	44.8070684064	6632
14590	44.6370259124	3836
16627	44.5634802454	4552
23998	44.5092237029	5847
1540	44.4913125454	430
22960	44.290408123	5579
32492	44.2124360039	8071
12430	44.119781524	3164
15645	43.8634728833	4213
1366	43.85483297	388
18762	43.8082518897	4929
3714	43.8082518897	954
35843	43.7137948498	9002
35771	43.4894721753	8979
10065	43.3161647196	2538
25112	43.1911629042	6097
29367	42.9751762133	7375
35930	42.7717190825	9030
29094	42.7570668762	7285
6212	42.7518096463	1595
37646	42.7245863073	9485
4749	42.3176199695	1234
1002	42.240116544	269
35474	42.1705306664	8877
26867	42.0834400465	6681
25361	41.9770717476	6164
10324	41.5651697656	2629
7973	41.5123112414	1959
15195	41.3907976192	4053
29347	41.3020510222	7369
9086	41.0238495321	2251
30081	40.8838465112	7574
6949	40.8369099475	1705
26984	40.7580795585	6730
33710	40.544891299	8474
29928	40.2781575134	7535
27280	40.254831459	6824
35486	40.2050455139	8881
19579	40.1190848093	5137
14485	40.1190848093	3797
25340	39.9925934577	6154
31516	39.9896876114	7876
1006	39.9471910433	271
1651	39.8124245665	463
24703	39.5010369635	6009
19708	39.267417455	5183
23689	39.146165597	5769
15143	38.6509541852	4036
4747	38.6421463269	1233
13639	38.588037151	3543
25683	38.529272255	6276
25612	38.4882364566	6248
15185	38.3924684486	4049
17041	38.3062522817	4643
15247	38.2055160063	4073
14161	37.9065405307	3682
33040	37.8052348531	8264
8028	37.4816938967	1976
35264	37.3005386754	8808
22790	37.0820266686	5521
9125	36.8677893642	2267
15418	36.7230982925	4133
14564	36.718526996	3826
9439	36.5770138788	2374
10452	36.3881925843	2671
6415	36.3656353539	1639
35472	36.300098077	8876
5847	36.2407011505	1509
8514	36.1678529017	2106
14261	36.0512609132	3715
15313	36.0512609132	4102
13147	35.8998437451	3365
35909	35.6779060705	9022
5519	35.5631811672	1428
13030	35.5625127393	3325
29211	35.4841829958	7330
7917	35.3609348225	1934
16635	35.2926726898	4555
9187	35.284462882	2292
9779	35.1128918419	2447
17622	35.0152512035	4776
26115	34.9758017403	6423
1012	34.8346305079	274
34708	34.8076360389	8638
28252	34.5642920379	7044
2097	34.5481923572	559
32072	34.0760314721	7940
29747	33.8423207139	7492
32751	33.8154953621	8175
29214	33.7935848595	7331
29874	33.3694216678	7527
8127	33.3106472199	2016
909	33.1852577915	235
33100	33.1852577915	8286
14676	33.1852577915	3866
7577	33.1852577915	1834
15222	33.1578582315	4065
29609	33.1025109164	7449
33210	33.0332758654	8323
28915	33.0309601271	7235
35872	33.0204028616	9013
37233	32.9196411459	9325
29423	32.8674628661	7391
37821	32.5670081404	9553
27192	32.5670081404	6789
24909	32.3856240337	6043
1240	32.2560034333	346
9790	32.1729385531	2451
29184	32.1551955139	7317
32633	31.9983159945	8126
12925	31.8907921012	3281
2933	31.8474239031	736
20776	31.8474239031	5376
11717	31.8375204325	2982
16220	31.8235977369	4426
10137	31.6179146533	2569
27503	31.5403164916	6876
38076	31.5170028347	9627
34815	31.4434274653	8673
13093	31.2275195425	3344
12939	31.2007679412	3289
8587	31.137129121	2125
15416	31.0765501877	4131
337	30.976634163	84
16269	30.9162487063	4446
1500	30.8061108984	426
9554	30.7854954657	2401
28773	30.7524298936	7177
28192	30.6389429091	7028
1634	30.4659475991	456
4759	30.3668438734	1241
7736	30.196382353	1871
11410	30.1835239924	2882
14288	30.0487346391	3723
14379	30.0088578343	3754
3428	29.5961016826	887
29260	29.5385504244	7344
2599	29.4155767413	667
35313	29.3898000634	8825
32301	29.3158805015	7994
28295	29.3047396055	7048
2398	29.2163463534	625
29505	29.1147534511	7424
16617	28.9070391542	4545
24894	28.900456811	6038
11488	28.5903486928	2914
30111	28.4551781929	7585
12286	28.0784228374	3127
29911	27.9566554697	7533
25644	27.9328579099	6260
29182	27.9206910537	7316
32854	27.8037115502	8212
18608	27.5640373157	4908
29307	27.3902431172	7357
7908	27.3442459042	1930
4897	27.3362237186	1279
8050	27.2669024317	1981
28500	27.116023104	7108
17460	26.9565722113	4742
28681	26.9565722113	7157
23189	26.8910053145	5634
28420	26.844164931	7085
25668	26.4968083911	6269
27959	26.123389212	6960
17093	25.9832950865	4652
4315	25.9779732291	1109
13850	25.9565817077	3581
7759	25.9412181703	1882
23967	25.6318745505	5838
11842	25.5923316573	3025
33486	25.5846495626	8423
7883	25.5846495626	1923
23309	25.4759130797	5664
37173	25.4400399339	9296
27383	25.4400399339	6852
11219	25.4400399339	2833
2251	25.4400399339	595
23695	25.4244512421	5770
20278	25.2379267233	5293
11833	25.1919984347	3020
33447	24.9544613559	8407
6319	24.6745093464	1619
9698	24.5211489252	2425
11896	24.5049334431	3038
4614	24.2846505777	1198
37304	24.2719688237	9349
14139	24.1655307857	3675
14599	24.1655307857	3839
9076	23.9321274828	2248
6196	23.8794966385	1592
28904	23.5840321977	7232
641	23.5516667887	172
3399	23.52314815	873
14085	23.4944963395	3654
16623	23.3178018371	4550
31130	23.3092101545	7818
26092	23.2425827593	6413
32252	23.1392986922	7982
8145	22.957225904	2022
6374	22.8598374303	1630
9952	22.8598374303	2500
15100	22.8478134528	4017
30346	22.6972867087	7654
16657	22.6865343241	4569
16626	22.5998058652	4551
33093	22.5998058652	8284
16691	22.4417473827	4577
5487	22.3965231516	1422
19377	22.22226642	5081
29841	22.1880075982	7513
35676	21.9780079013	8950
14741	21.825358641	3893
11443	21.7988416533	2892
28685	21.7518881494	7159
6071	21.7408433785	1566
30166	21.7385903111	7611
10304	21.68960497	2627
25487	21.6425446349	6206
1248	21.4704251104	351
30942	21.0875774887	7788
24094	20.855544556	5870
11387	20.7850849092	2875
28899	20.7675239929	7230
34988	20.6896810764	8713
16244	20.6768884598	4439
33157	20.6626335061	8306
1154	20.6564569602	311
1545	20.6071527961	432
16969	20.474439775	4629
2997	20.4342366362	750
14821	20.3809127507	3915
6065	20.3078409384	1561
32463	20.0826350479	8060
25502	20.0695682478	6210
14475	20.0595424047	3792
1174	20.0595424047	317
35237	20.0595424047	8799
15606	20.0595424047	4200
23889	19.6415449234	5821
17094	19.5820602489	4653
35907	19.5820602489	9021
7026	19.2233882882	1722
37141	19.0988467724	9282
14457	19.0520493308	3785
7912	18.9128518098	1931
36669	18.7709004828	9257
16668	18.7348615511	4575
5169	18.6760384378	1360
28358	18.6191734834	7060
15433	18.6191734834	4138
3251	18.5278269766	837
1124	18.41209872	298
15050	18.337269288	4000
5816	18.2828454169	1502
15734	18.1787667431	4246
30242	18.1143245519	7643
509	17.9400084139	132
14580	17.9143433096	3832
13414	17.5667946995	3467
24209	17.5667946995	5914
26879	17.5543275586	6686
27796	17.2937796143	6935
29540	17.2752797081	7431
38047	17.2640022499	9621
3546	17.1257908165	917
28151	17.0750796757	7016
24486	17.009981776	5974
28491	16.9962319299	7103
25299	16.74636597	6142
9127	16.7107992167	2268
35406	16.641024064	8860
11350	16.6077742651	2863
23962	16.5386767973	5836
25921	16.5160646063	6350
26895	16.459820573	6690
9084	16.3634214113	2250
4350	16.301000117	1120
29715	16.2706216665	7483
17054	16.2435578473	4646
14149	16.1289362934	3679
4095	15.9175728683	1054
18024	15.8950922545	4815
10602	15.7866682354	2705
11673	15.7157995194	2964
15038	15.6482286116	3997
9885	15.6224956325	2471
3385	15.5361210186	869
10349	15.5145197817	2637
20376	15.482698027	5302
26061	15.4200733954	6399
28625	15.3708014869	7139
33218	15.0351101062	8327
4807	15.0142438236	1259
28502	14.9956554498	7110
32828	14.683347696	8204
8893	14.6780942907	2197
8406	14.6734517766	2088
8483	14.6060787828	2101
23620	14.5864830087	5738
26099	14.525808102	6416
7491	14.455547782	1802
24962	14.415340389	6052
7376	14.415340389	1778
2515	14.3878086782	649
26342	14.0892910085	6489
16318	14.0853404585	4461
16621	14.0122884327	4548
23291	13.88861177	5655
14483	13.8696101435	3796
26518	13.7462064657	6547
35308	13.6790275005	8823
206	13.5999072397	47
15273	13.4974847789	4082
30486	13.4626118143	7680
27370	13.178988654	6849
26009	13.0928485443	6383
30928	12.9782908539	7784
11687	12.9556256751	2970
24672	12.865902275	6004
12296	12.836342901	3131
8408	12.7561673068	2090
14455	12.6488487687	3784
28853	12.630372165	7218
29468	12.6296922504	7406
9329	12.5977323853	2341
4329	12.5773761192	1115
36117	12.4997326317	9116
6631	12.4818166999	1655
26334	12.3405227157	6484
14594	12.2620726848	3837
3173	12.2092477877	811
9911	12.1545773902	2482
11153	12.1545773902	2819
18456	12.0710501538	4872
11880	12.0710501538	3035
27012	12.061480169	6739
4434	11.8900322691	1144
14725	11.7716583908	3885
13396	11.6768840747	3462
27384	11.3949881843	6853
6155	11.2627678518	1585
17863	11.1013141588	4801
30088	11.0879144879	7577
30125	11.0341703055	7592
30523	10.9217029997	7693
3207	10.7724893031	818
26188	10.6223542456	6454
30158	10.5865605771	7608
20411	10.4142435031	5312
35242	10.1859359474	8801
33980	10.1229403747	8514
27174	10.1159553584	6781
17391	9.94135329202	4725
32918	9.79103012446	8234
8871	9.79103012446	2196
26048	9.79103012446	6394
35305	9.79103012446	8822
21541	9.79103012446	5411
35378	9.76370088731	8851
27517	9.72395725594	6879
8002	9.57044867077	1968
954	9.5160314508	256
13133	9.47682907824	3358
22778	9.42079889545	5515
3185	9.34908225434	815
13562	9.34908225434	3515
15821	9.32737707067	4282
20146	9.30881147518	5274
30568	9.29710877517	7712
1565	9.25410195896	437
31913	9.0759190822	7926
28649	9.0759190822	7145
8020	9.0759190822	1972
27305	9.01548381677	6831
28811	8.98601911319	7199
20803	8.92302279321	5382
33586	8.89981609784	8452
35150	8.719058221	8770
7497	8.69663335703	1804
28376	8.67956051322	7068
28367	8.60552739854	7064
4930	8.53965539977	1286
32570	8.53622510636	8104
7646	8.4977259236	1851
30719	8.49366371	7751
34660	8.42122963441	8626
17113	8.41979370167	4661
29116	8.37308004876	7294
29482	8.36745085642	7415
28189	8.35864897661	7026
13471	8.28778434906	3476
16325	8.22253293467	4466
8983	8.21820829827	2219
4775	8.20666949163	1250
29888	8.12034228326	7530
32259	8.10163193698	7984
24979	8.0417082106	6058
35513	8.01563353497	8891
37208	8.01563353497	9313
28431	7.94523849375	7086
4469	7.94523849375	1157
17289	7.86295183177	4695
13799	7.82604456101	3570
8057	7.69962572454	1985
4751	7.60335372753	1236
21588	7.59941764307	5415
34732	7.56798373426	8645
14650	7.56798373426	3855
1150	7.48022575248	308
29311	7.44603062468	7358
4882	7.37218152766	1276
35572	7.36645644958	8914
30180	7.33710489372	7619
610	7.29893020832	160
30546	7.28243296669	7702
24001	7.27868836278	5848
37481	7.24552114913	9424
11988	7.2367793513	3058
32107	7.2367793513	7948
11595	7.15944595396	2939
26666	7.10783071833	6606
28117	7.08620717794	7007
35107	7.04124615991	8757
28372	7.03593448676	7066
11591	6.96931806641	2937
33033	6.8785656941	8262
1934	6.82242077337	517
10226	6.80245597439	2604
1231	6.73455921605	342
614	6.64361060149	163
13052	6.5590261628	3333
22209	6.33740348029	5433
29110	6.19690937268	7292
12520	5.96975861656	3179
3857	5.92952253139	981
14175	5.90879812965	3686
23564	5.90879812965	5721
29067	5.85639374547	7273
26508	5.55458442973	6545
32204	5.42131919881	7967
5862	5.25289597643	1515
2184	5.17301672235	579
5780	5.17301672235	1494
37906	5.16025519425	9582
760	5.12212836431	202
16631	5.1204339083	4553
3471	5.03669825199	898
34006	4.89890683607	8521
24340	4.82209847356	5956
34977	4.67454112717	8709
29157	4.67454112717	7304
23782	4.67454112717	5799
36059	4.42540653948	9094
29229	4.38972548927	7334
14390	4.38026014415	3760
33516	4.16917757856	8433
28936	4.15413518355	7240
7779	4.11674105053	1889
18378	4.07525002924	4845
36070	4.07525002924	9099
18914	4.07525002924	4971
4072	4.07525002924	1042
28336	3.85546805669	7054
14266	3.59848046299	3717
27565	3.59432680074	6888
2403	3.37183920225	628
26331	3.24529887669	6483
28409	3.1791984045	7081
5596	3.13545830526	1452
34245	2.99856693285	8558
29209	2.86347624904	7328
26982	2.71225022304	6728
7582	2.71225022304	1837
17335	2.6943859426	4710
37113	2.67709586485	9267
37114	2.67709586485	9268
33481	2.64431842719	8422
14711	2.55630115045	3880
442	2.44059500968	116
29363	2.44059500968	7374
14735	2.26618064743	3890
28623	2.25629802438	7137
16440	2.25182107389	4505
26640	2.21772272987	6596
33404	2.16202127237	8392
35328	2.16202127237	8831
35778	2.10326706253	8982
25912	2.00609616528	6348
32444	1.88842838966	8052
3670	1.74756061046	944
19458	1.717182222	5109
11261	1.67301179376	2845
12201	1.44866777503	3092
1069	1.42015662954	287
30094	1.40079592222	7579
8799	1.38025932165	2174
29859	1.36495350617	7524
27198	1.32063710032	6793
35433	1.32050909398	8867
26141	1.268383733	6434
35289	1.10814947136	8816
15638	1.02498791866	4211
17478	0.962104765784	4749
9031	0.956664001766	2233
36235	0.949879969491	9159
3392	0.929771960361	872
24153	0.929771960361	5894
6764	0.920172881098	1681
27238	0.894152918264	6811
17468	0.889534180853	4744
4304	0.778592181846	1103
33962	0.700606345787	8511
14435	0.684967588142	3777
15060	0.660254546988	4005
22371	0.557856884336	5439
29657	0.543890589551	7463
17496	0.479926058293	4752
35214	0.466716341632	8792
7762	0.464885980181	1883
1353	0.464885980181	385
26787	0.460086440549	6649
18303	0.458366189354	4832
25923	0.427796552184	6351
2071	0.427796552184	547
37140	0.427796552184	9281
15455	0.427796552184	4147
36012	0.38404591934	9068
13049	0.351623465284	3332
18823	0.321786757526	4941
1025	0.321209024026	276
10688	0.320701588595	2735
6921	0.320614543042	1704
33223	0.312711488259	8329
28212	0.310326991665	7036
6868	0.302144142825	1695
14412	0.299135458492	3768
33425	0.264011731511	8400
33104	0.250292711316	8288
17263	0.250292711316	4690
6635	0.250292711316	1656
24623	0.248125414162	5997
9289	0.23746125124	2326
14385	0.194970287672	3757
6630	0.190508856699	1654
15731	0.176798798339	4244
16842	0.176798798339	4605
11333	0.173655710039	2860
33423	0.173655710039	8399
26068	0.167540308125	6403
27221	0.160578402402	6805
38086	0.111431675903	9632
28875	0.0679012426898	7224
32784	0.0	8186
24593	0.0	5992
34	0.0	3
32804	0.0	8194
40	0.0	4
41	0.0	5
24620	0.0	5995
32817	0.0	8198
16436	0.0	4503
28684	0.0	7158
25954	0.0	6365
35512	0.0	8890
16479	0.0	4521
97	0.0	18
32867	0.0	8217
32878	0.0	8220
8304	0.0	2063
16497	0.0	4524
24697	0.0	6008
32897	0.0	8227
8326	0.0	2069
32910	0.0	8230
34157	0.0	8546
16528	0.0	4532
145	0.0	29
147	0.0	30
8348	0.0	2076
8350	0.0	2077
16543	0.0	4535
16546	0.0	4536
32938	0.0	8238
32943	0.0	8240
16570	0.0	4540
194	0.0	42
198	0.0	45
29467	0.0	7405
202	0.0	46
24610	0.0	5994
8407	0.0	2089
222	0.0	51
19152	0.0	5027
16634	0.0	4554
19157	0.0	5029
262	0.0	62
271	0.0	64
16656	0.0	4568
24863	0.0	6033
33062	0.0	8271
8489	0.0	2103
16104	0.0	4387
302	0.0	75
37654	0.0	9488
33076	0.0	8278
25993	0.0	6378
16701	0.0	4582
24895	0.0	6039
16708	0.0	4584
24901	0.0	6041
16711	0.0	4586
340	0.0	85
33112	0.0	8291
349	0.0	87
350	0.0	88
357	0.0	89
24939	0.0	6049
364	0.0	92
8559	0.0	2116
33145	0.0	8300
386	0.0	98
8583	0.0	2123
392	0.0	100
8590	0.0	2127
24975	0.0	6056
33175	0.0	8311
8606	0.0	2130
8610	0.0	2132
419	0.0	107
24648	0.0	6002
8629	0.0	2140
441	0.0	115
16841	0.0	4604
8650	0.0	2147
16848	0.0	4606
25043	0.0	6082
32477	0.0	8067
8676	0.0	2150
25062	0.0	6088
489	0.0	129
8687	0.0	2154
8691	0.0	2155
25078	0.0	6091
8698	0.0	2157
8700	0.0	2158
33283	0.0	8349
16904	0.0	4613
33290	0.0	8353
23298	0.0	5658
33294	0.0	8354
16917	0.0	4616
539	0.0	138
16925	0.0	4618
546	0.0	141
16932	0.0	4621
34091	0.0	8539
8759	0.0	2163
25151	0.0	6107
580	0.0	151
33356	0.0	8373
8782	0.0	2170
15117	0.0	4024
593	0.0	155
16980	0.0	4631
33366	0.0	8376
25175	0.0	6113
8798	0.0	2173
8802	0.0	2175
8810	0.0	2178
8813	0.0	2180
8816	0.0	2181
19219	0.0	5043
8820	0.0	2182
25206	0.0	6118
638	0.0	171
17024	0.0	4641
642	0.0	173
17033	0.0	4642
35756	0.0	8971
33420	0.0	8398
654	0.0	178
31514	0.0	7874
672	0.0	183
675	0.0	184
8870	0.0	2195
681	0.0	186
32883	0.0	8221
23755	0.0	5788
33474	0.0	8420
16502	0.0	4526
17096	0.0	4655
17104	0.0	4657
8915	0.0	2204
25300	0.0	6143
32889	0.0	8223
25310	0.0	6147
17124	0.0	4664
25317	0.0	6149
33512	0.0	8431
25322	0.0	6151
749	0.0	199
33523	0.0	8437
32895	0.0	8226
8957	0.0	2214
17162	0.0	4667
17164	0.0	4668
782	0.0	206
33551	0.0	8443
33552	0.0	8444
17170	0.0	4669
31535	0.0	7880
9000	0.0	2224
9001	0.0	2225
17197	0.0	4673
9014	0.0	2227
832	0.0	214
836	0.0	215
17222	0.0	4678
34944	0.0	8698
845	0.0	219
15160	0.0	4041
9044	0.0	2236
25430	0.0	6188
9058	0.0	2240
867	0.0	223
870	0.0	224
9063	0.0	2242
15166	0.0	4042
15169	0.0	4044
9098	0.0	2256
25486	0.0	6205
17297	0.0	4697
9107	0.0	2260
920	0.0	239
924	0.0	241
927	0.0	244
25508	0.0	6211
934	0.0	249
937	0.0	251
25514	0.0	6213
33708	0.0	8473
17327	0.0	4707
25521	0.0	6217
949	0.0	253
953	0.0	255
33732	0.0	8479
36030	0.0	9078
9166	0.0	2281
35663	0.0	8944
990	0.0	266
25574	0.0	6235
25576	0.0	6236
33776	0.0	8488
9201	0.0	2299
17405	0.0	4728
25600	0.0	6244
9228	0.0	2307
9234	0.0	2310
25619	0.0	6253
25626	0.0	6255
27394	0.0	6854
23387	0.0	5682
9254	0.0	2316
25650	0.0	6262
17470	0.0	4745
25664	0.0	6268
26496	0.0	6542
17475	0.0	4748
17482	0.0	4751
32359	0.0	8023
25692	0.0	6280
1119	0.0	297
25698	0.0	6284
31590	0.0	7888
1126	0.0	299
9323	0.0	2337
9325	0.0	2338
1141	0.0	303
25718	0.0	6294
1152	0.0	310
1159	0.0	314
17544	0.0	4765
29499	0.0	7422
17549	0.0	4767
37815	0.0	9550
9359	0.0	2349
17552	0.0	4768
25753	0.0	6304
25754	0.0	6305
25761	0.0	6306
1186	0.0	325
37310	0.0	9352
33958	0.0	8510
25768	0.0	6309
1193	0.0	329
1202	0.0	331
17592	0.0	4771
9407	0.0	2365
1221	0.0	337
25799	0.0	6320
1226	0.0	340
25808	0.0	6321
1236	0.0	344
9429	0.0	2371
23418	0.0	5690
17630	0.0	4779
20688	0.0	5356
25835	0.0	6326
1268	0.0	359
25845	0.0	6327
9468	0.0	2378
9475	0.0	2381
25860	0.0	6332
1285	0.0	366
25866	0.0	6335
19956	0.0	5226
30049	0.0	7563
1301	0.0	370
34071	0.0	8532
25885	0.0	6341
9506	0.0	2388
34086	0.0	8537
1323	0.0	375
25901	0.0	6345
25904	0.0	6346
34100	0.0	8540
1345	0.0	383
9541	0.0	2399
1365	0.0	387
25945	0.0	6361
1371	0.0	390
9566	0.0	2403
1380	0.0	393
25962	0.0	6367
1389	0.0	394
1391	0.0	395
1400	0.0	399
25978	0.0	6373
1404	0.0	401
9600	0.0	2408
9604	0.0	2409
1417	0.0	406
16267	0.0	4445
28909	0.0	7233
9618	0.0	2411
16622	0.0	4549
1435	0.0	414
17827	0.0	4792
26028	0.0	6389
15261	0.0	4077
26035	0.0	6391
17851	0.0	4797
20725	0.0	5365
26052	0.0	6395
34250	0.0	8559
9675	0.0	2421
26072	0.0	6404
9695	0.0	2424
17508	0.0	4753
26084	0.0	6408
28924	0.0	7237
9712	0.0	2431
9718	0.0	2434
26106	0.0	6418
23783	0.0	5800
17920	0.0	4807
26113	0.0	6421
1542	0.0	431
1546	0.0	433
17931	0.0	4808
9742	0.0	2437
34326	0.0	8570
34327	0.0	8571
1560	0.0	434
1562	0.0	435
1563	0.0	436
9758	0.0	2441
36181	0.0	9140
26154	0.0	6440
9782	0.0	2449
1595	0.0	445
1602	0.0	446
20750	0.0	5370
1623	0.0	452
34400	0.0	8579
18020	0.0	4814
1644	0.0	459
1657	0.0	466
1659	0.0	467
26244	0.0	6459
35791	0.0	8985
34476	0.0	8592
30231	0.0	7639
18095	0.0	4818
34492	0.0	8595
37702	0.0	9508
26327	0.0	6479
37171	0.0	9295
26330	0.0	6482
9951	0.0	2499
9953	0.0	2501
28966	0.0	7245
26346	0.0	6491
9963	0.0	2503
26348	0.0	6492
9968	0.0	2506
9971	0.0	2507
11221	0.0	2834
33067	0.0	8273
1799	0.0	490
10001	0.0	2516
25429	0.0	6187
10007	0.0	2519
10012	0.0	2521
25702	0.0	6287
26409	0.0	6515
10030	0.0	2526
10031	0.0	2527
18232	0.0	4827
10043	0.0	2531
35536	0.0	8899
1867	0.0	496
1868	0.0	497
10062	0.0	2536
1875	0.0	499
29250	0.0	7342
1878	0.0	500
10072	0.0	2541
1882	0.0	502
10083	0.0	2547
10085	0.0	2548
1895	0.0	506
10089	0.0	2550
34674	0.0	8631
26489	0.0	6539
10110	0.0	2558
10112	0.0	2559
24191	0.0	5910
10118	0.0	2563
1927	0.0	515
1932	0.0	516
1935	0.0	518
26512	0.0	6546
1947	0.0	521
36129	0.0	9121
26538	0.0	6558
18355	0.0	4836
18359	0.0	4838
1978	0.0	533
10175	0.0	2584
26564	0.0	6567
23254	0.0	5648
18383	0.0	4849
33892	0.0	8496
26596	0.0	6581
26473	0.0	6534
8529	0.0	2108
18408	0.0	4859
2026	0.0	541
12626	0.0	3203
2035	0.0	543
34808	0.0	8670
2045	0.0	544
26801	0.0	6653
10250	0.0	2610
10253	0.0	2612
10258	0.0	2615
26643	0.0	6598
26645	0.0	6599
35844	0.0	9003
26651	0.0	6601
2082	0.0	552
12635	0.0	3206
2085	0.0	553
2087	0.0	554
2089	0.0	555
34859	0.0	8685
10288	0.0	2625
36316	0.0	9172
26698	0.0	6618
2128	0.0	567
26706	0.0	6622
18540	0.0	4892
2160	0.0	573
2164	0.0	574
34939	0.0	8697
18559	0.0	4897
10375	0.0	2649
33132	0.0	8295
34962	0.0	8703
17531	0.0	4761
34969	0.0	8706
18602	0.0	4905
2224	0.0	587
26806	0.0	6654
31775	0.0	7914
35007	0.0	8719
26315	0.0	6476
35015	0.0	8721
37719	0.0	9524
2259	0.0	597
2265	0.0	600
18659	0.0	4916
10469	0.0	2674
30417	0.0	7663
35051	0.0	8734
26865	0.0	6680
383	0.0	96
35069	0.0	8739
26880	0.0	6687
29056	0.0	7266
35077	0.0	8743
2321	0.0	607
2324	0.0	609
26906	0.0	6694
35105	0.0	8755
10531	0.0	2689
26916	0.0	6700
2343	0.0	613
10541	0.0	2692
35118	0.0	8761
37724	0.0	9527
19507	0.0	5124
26942	0.0	6711
27701	0.0	6915
10572	0.0	2697
33181	0.0	8313
27704	0.0	6916
2396	0.0	624
10593	0.0	2704
26987	0.0	6731
26344	0.0	6490
26362	0.0	6497
35198	0.0	8786
10624	0.0	2710
18829	0.0	4943
27715	0.0	6918
2453	0.0	633
37273	0.0	9337
23621	0.0	5739
18850	0.0	4951
18857	0.0	4953
10669	0.0	2724
2478	0.0	640
12701	0.0	3223
2482	0.0	641
18870	0.0	4961
10680	0.0	2730
10681	0.0	2731
2490	0.0	642
10689	0.0	2736
35267	0.0	8810
30454	0.0	7670
2502	0.0	645
35275	0.0	8812
27086	0.0	6758
10703	0.0	2740
18901	0.0	4966
27097	0.0	6763
2528	0.0	651
35297	0.0	8818
10725	0.0	2742
10736	0.0	2744
27125	0.0	6768
2565	0.0	656
35337	0.0	8832
2572	0.0	657
27153	0.0	6773
2583	0.0	662
2585	0.0	664
18972	0.0	4985
35369	0.0	8847
27179	0.0	6784
27181	0.0	6785
33203	0.0	8320
25012	0.0	6070
27196	0.0	6792
27204	0.0	6798
2629	0.0	674
35400	0.0	8858
35588	0.0	8919
35411	0.0	8861
35412	0.0	8862
19033	0.0	4998
16057	0.0	4364
19043	0.0	4999
27248	0.0	6816
19060	0.0	5005
2679	0.0	680
2686	0.0	681
25059	0.0	6087
35463	0.0	8874
2697	0.0	685
2703	0.0	687
25027	0.0	6074
2711	0.0	690
10919	0.0	2767
8647	0.0	2146
10929	0.0	2770
35508	0.0	8886
35510	0.0	8888
27319	0.0	6836
19572	0.0	5136
19135	0.0	5022
19138	0.0	5024
2756	0.0	701
35527	0.0	8896
10956	0.0	2775
32553	0.0	8097
35534	0.0	8898
10962	0.0	2779
2776	0.0	705
10970	0.0	2785
19164	0.0	5031
27357	0.0	6843
27358	0.0	6844
27366	0.0	6848
2793	0.0	708
2797	0.0	710
19185	0.0	5034
35571	0.0	8913
19582	0.0	5139
19192	0.0	5035
2809	0.0	714
2811	0.0	715
19199	0.0	5036
19200	0.0	5037
19202	0.0	5038
37335	0.0	9363
19215	0.0	5041
11027	0.0	2804
19223	0.0	5045
33374	0.0	8380
19229	0.0	5046
2846	0.0	719
2852	0.0	720
19244	0.0	5053
19256	0.0	5055
2876	0.0	725
27453	0.0	6866
27456	0.0	6867
2897	0.0	731
35680	0.0	8951
11115	0.0	2813
35367	0.0	8846
27513	0.0	6878
20011	0.0	5238
11159	0.0	2820
29832	0.0	7511
27552	0.0	6883
35745	0.0	8967
27557	0.0	6885
11174	0.0	2824
27563	0.0	6887
11182	0.0	2825
27568	0.0	6889
19384	0.0	5083
35777	0.0	8981
27591	0.0	6892
30244	0.0	7644
19407	0.0	5090
27601	0.0	6896
35802	0.0	8989
11429	0.0	2888
27625	0.0	6904
3061	0.0	764
19446	0.0	5105
19449	0.0	5106
32443	0.0	8051
11264	0.0	2847
19460	0.0	5110
19628	0.0	5153
27658	0.0	6907
11285	0.0	2848
35865	0.0	9012
19490	0.0	5119
34766	0.0	8655
27694	0.0	6913
35892	0.0	9017
3125	0.0	790
11320	0.0	2856
1887	0.0	503
11324	0.0	2858
35913	0.0	9025
35916	0.0	9027
27725	0.0	6920
8561	0.0	2117
1891	0.0	504
35934	0.0	9034
1893	0.0	505
3181	0.0	813
3182	0.0	814
35955	0.0	9042
11380	0.0	2872
3190	0.0	816
11385	0.0	2874
27772	0.0	6933
11390	0.0	2878
11422	0.0	2885
37506	0.0	9437
19632	0.0	5155
36028	0.0	9077
27846	0.0	6939
36040	0.0	9082
3274	0.0	843
23757	0.0	5789
11472	0.0	2907
19670	0.0	5170
36061	0.0	9095
11486	0.0	2912
26427	0.0	6522
36084	0.0	9105
11510	0.0	2917
19705	0.0	5182
36391	0.0	9192
3341	0.0	856
36110	0.0	9113
36112	0.0	9114
11538	0.0	2923
36124	0.0	9118
35811	0.0	8994
36128	0.0	9120
3361	0.0	863
27942	0.0	6954
36138	0.0	9125
15789	0.0	4271
11567	0.0	2929
36144	0.0	9127
27870	0.0	6941
19608	0.0	5146
3387	0.0	870
36156	0.0	9131
3389	0.0	871
3405	0.0	876
27982	0.0	6968
11599	0.0	2942
3411	0.0	880
27876	0.0	6942
11610	0.0	2946
28610	0.0	7134
3423	0.0	886
20027	0.0	5241
19824	0.0	5191
19827	0.0	5192
3445	0.0	890
28022	0.0	6981
28024	0.0	6982
19837	0.0	5194
36226	0.0	9153
14231	0.0	3703
11676	0.0	2966
3505	0.0	907
11698	0.0	2974
3509	0.0	908
36289	0.0	9167
26577	0.0	6572
11727	0.0	2988
28114	0.0	7006
3542	0.0	915
22486	0.0	5448
11748	0.0	2995
8785	0.0	2171
33398	0.0	8390
36093	0.0	9108
11770	0.0	3005
11773	0.0	3006
3589	0.0	925
36740	0.0	9263
11521	0.0	2919
3595	0.0	926
36373	0.0	9185
36374	0.0	9186
19992	0.0	5235
3609	0.0	929
36380	0.0	9187
20003	0.0	5236
11813	0.0	3013
11821	0.0	3017
20015	0.0	5239
3632	0.0	938
11826	0.0	3018
11829	0.0	3019
36408	0.0	9196
23818	0.0	5806
20031	0.0	5243
18846	0.0	4949
11531	0.0	2921
28230	0.0	7040
20039	0.0	5245
28239	0.0	7042
3669	0.0	943
20055	0.0	5249
25188	0.0	6117
29285	0.0	7353
36130	0.0	9122
23826	0.0	5808
3698	0.0	950
36473	0.0	9209
34995	0.0	8714
20102	0.0	5263
8812	0.0	2179
26584	0.0	6574
29294	0.0	7355
37723	0.0	9526
20121	0.0	5269
20125	0.0	5270
36511	0.0	9217
11937	0.0	3045
20133	0.0	5272
36518	0.0	9220
12913	0.0	3273
3752	0.0	958
3753	0.0	959
28767	0.0	7175
34759	0.0	8653
20144	0.0	5273
20148	0.0	5275
11958	0.0	3052
20152	0.0	5276
3769	0.0	961
33405	0.0	8393
20160	0.0	5278
11969	0.0	3054
3779	0.0	964
28357	0.0	7059
20170	0.0	5280
29314	0.0	7360
20189	0.0	5283
20192	0.0	5286
12002	0.0	3062
20197	0.0	5287
36582	0.0	9240
20200	0.0	5289
3824	0.0	974
28414	0.0	7083
12037	0.0	3073
12039	0.0	3074
3858	0.0	982
3864	0.0	983
36648	0.0	9253
20265	0.0	5292
28464	0.0	7097
15678	0.0	4230
34782	0.0	8661
12937	0.0	3287
20280	0.0	5294
32701	0.0	8155
2015	0.0	539
11577	0.0	2934
20327	0.0	5298
28520	0.0	7117
3946	0.0	994
28524	0.0	7119
3952	0.0	995
3962	0.0	997
3969	0.0	1001
26977	0.0	6726
3983	0.0	1007
3995	0.0	1011
20400	0.0	5309
4017	0.0	1022
4023	0.0	1025
12216	0.0	3100
12223	0.0	3102
12234	0.0	3109
20429	0.0	5320
20444	0.0	5324
37542	0.0	9447
20454	0.0	5325
4077	0.0	1045
12272	0.0	3122
4083	0.0	1047
12279	0.0	3125
12283	0.0	3126
20480	0.0	5330
25259	0.0	6132
4103	0.0	1056
12300	0.0	3132
28688	0.0	7160
36185	0.0	9142
4127	0.0	1059
12320	0.0	3136
28705	0.0	7162
4131	0.0	1060
36188	0.0	9143
12336	0.0	3141
12340	0.0	3142
27998	0.0	6969
37556	0.0	9453
14347	0.0	3743
28754	0.0	7169
28763	0.0	7173
28770	0.0	7176
12387	0.0	3152
28774	0.0	7178
28780	0.0	7182
28792	0.0	7187
28797	0.0	7189
28800	0.0	7190
4227	0.0	1076
4229	0.0	1077
12422	0.0	3162
28816	0.0	7202
33475	0.0	8421
28826	0.0	7207
4258	0.0	1084
20646	0.0	5347
20652	0.0	5348
28846	0.0	7217
4276	0.0	1091
27148	0.0	6772
4289	0.0	1096
4293	0.0	1098
4300	0.0	1101
4302	0.0	1102
4307	0.0	1105
4311	0.0	1107
4320	0.0	1111
28897	0.0	7229
12517	0.0	3177
17107	0.0	4659
20724	0.0	5364
12538	0.0	3185
4348	0.0	1119
37124	0.0	9273
4357	0.0	1123
37129	0.0	9276
37136	0.0	9280
10286	0.0	2624
20767	0.0	5374
37157	0.0	9290
24916	0.0	6044
4400	0.0	1133
4401	0.0	1134
14388	0.0	3758
12603	0.0	3197
32608	0.0	8117
28997	0.0	7252
37673	0.0	9493
37194	0.0	9307
4427	0.0	1141
4429	0.0	1142
23950	0.0	5831
4444	0.0	1147
37220	0.0	9319
37228	0.0	9322
23954	0.0	5833
4465	0.0	1155
37235	0.0	9327
4468	0.0	1156
29047	0.0	7264
4472	0.0	1158
28052	0.0	6986
12667	0.0	3215
33974	0.0	8513
4480	0.0	1162
4483	0.0	1163
29064	0.0	7270
4491	0.0	1167
29069	0.0	7274
12704	0.0	3225
4513	0.0	1176
4514	0.0	1177
37292	0.0	9345
4525	0.0	1183
29107	0.0	7290
4538	0.0	1186
15775	0.0	4266
4541	0.0	1188
16518	0.0	4529
20932	0.0	5386
37321	0.0	9357
28595	0.0	7130
4558	0.0	1192
12759	0.0	3235
4568	0.0	1194
36051	0.0	9088
29158	0.0	7305
29161	0.0	7308
37354	0.0	9372
29166	0.0	7311
37360	0.0	9376
36264	0.0	9163
37366	0.0	9380
15786	0.0	4269
37380	0.0	9389
4618	0.0	1199
12815	0.0	3248
4628	0.0	1202
12824	0.0	3249
37409	0.0	9396
29227	0.0	7333
37422	0.0	9404
29239	0.0	7338
12866	0.0	3256
18705	0.0	4920
27707	0.0	6917
29266	0.0	7345
25358	0.0	6163
12893	0.0	3267
4718	0.0	1219
4721	0.0	1222
4726	0.0	1224
4727	0.0	1225
37497	0.0	9433
4733	0.0	1226
12927	0.0	3283
36584	0.0	9241
4742	0.0	1230
4745	0.0	1232
12940	0.0	3290
12944	0.0	3292
22638	0.0	5478
19908	0.0	5210
12954	0.0	3295
12960	0.0	3296
12961	0.0	3297
12965	0.0	3299
37239	0.0	9330
12984	0.0	3306
26740	0.0	6630
29372	0.0	7378
12994	0.0	3311
4804	0.0	1258
4808	0.0	1260
4810	0.0	1261
13011	0.0	3316
37597	0.0	9467
29477	0.0	7411
13024	0.0	3322
21219	0.0	5392
37608	0.0	9472
29427	0.0	7392
4857	0.0	1270
13053	0.0	3334
29444	0.0	7397
37677	0.0	9495
28120	0.0	7008
13075	0.0	3339
29480	0.0	7413
28124	0.0	7009
13109	0.0	3347
29497	0.0	7420
37693	0.0	9502
13119	0.0	3354
37696	0.0	9505
29510	0.0	7426
37705	0.0	9511
37707	0.0	9513
37712	0.0	9517
37714	0.0	9519
29525	0.0	7428
37718	0.0	9523
4952	0.0	1293
4955	0.0	1294
37733	0.0	9531
29542	0.0	7433
29543	0.0	7434
4980	0.0	1299
37695	0.0	9504
4994	0.0	1302
13199	0.0	3382
37699	0.0	9506
13211	0.0	3387
5022	0.0	1309
9029	0.0	2232
13221	0.0	3392
13226	0.0	3395
13232	0.0	3399
13234	0.0	3400
5043	0.0	1313
29620	0.0	7453
5049	0.0	1314
37818	0.0	9552
13245	0.0	3406
13246	0.0	3407
5056	0.0	1317
13253	0.0	3409
5068	0.0	1321
14498	0.0	3802
37709	0.0	9515
5075	0.0	1324
5077	0.0	1325
21463	0.0	5406
5083	0.0	1329
5087	0.0	1330
29666	0.0	7466
32251	0.0	7981
13284	0.0	3419
29674	0.0	7468
35970	0.0	9051
13298	0.0	3424
13301	0.0	3425
5110	0.0	1335
5114	0.0	1336
5115	0.0	1337
13309	0.0	3430
13311	0.0	3431
19968	0.0	5229
13315	0.0	3433
13317	0.0	3434
29767	0.0	7498
13321	0.0	3435
21519	0.0	5409
22539	0.0	5456
5139	0.0	1344
5145	0.0	1346
5146	0.0	1347
37722	0.0	9525
5152	0.0	1350
5154	0.0	1351
5156	0.0	1352
5158	0.0	1353
5160	0.0	1354
5163	0.0	1357
5164	0.0	1358
29741	0.0	7490
13362	0.0	3446
5177	0.0	1364
5179	0.0	1366
865	0.0	222
5193	0.0	1374
13388	0.0	3459
5197	0.0	1375
38090	0.0	9634
33636	0.0	8464
5224	0.0	1380
29801	0.0	7503
5238	0.0	1383
5263	0.0	1388
26819	0.0	6659
29852	0.0	7518
29854	0.0	7520
13473	0.0	3477
5310	0.0	1398
25461	0.0	6198
13509	0.0	3496
13511	0.0	3497
13523	0.0	3504
37276	0.0	9338
36389	0.0	9190
28199	0.0	7029
5360	0.0	1406
13555	0.0	3512
35028	0.0	8728
13565	0.0	3517
29952	0.0	7541
13571	0.0	3518
38148	0.0	9660
13583	0.0	3525
5392	0.0	1412
13601	0.0	3532
13603	0.0	3533
26844	0.0	6668
13613	0.0	3535
13616	0.0	3536
13619	0.0	3537
30008	0.0	7552
30018	0.0	7553
25550	0.0	6225
13641	0.0	3544
13654	0.0	3547
13657	0.0	3549
33679	0.0	8469
5468	0.0	1420
14566	0.0	3827
5481	0.0	1421
28210	0.0	7034
13686	0.0	3556
33643	0.0	8465
29591	0.0	7444
5541	0.0	1433
5542	0.0	1434
22772	0.0	5512
21951	0.0	5424
13769	0.0	3564
30157	0.0	7607
5584	0.0	1448
22777	0.0	5514
15951	0.0	4325
30177	0.0	7617
5604	0.0	1454
5607	0.0	1455
5609	0.0	1456
33705	0.0	8471
12190	0.0	3091
5640	0.0	1464
13228	0.0	3397
9133	0.0	2270
13841	0.0	3577
15964	0.0	4326
29618	0.0	7452
33718	0.0	8475
24163	0.0	5899
5720	0.0	1480
13921	0.0	3602
15975	0.0	4330
13935	0.0	3609
13939	0.0	3610
5751	0.0	1486
5770	0.0	1492
13965	0.0	3612
13967	0.0	3613
5784	0.0	1495
13985	0.0	3619
13993	0.0	3622
5803	0.0	1499
13998	0.0	3624
30384	0.0	7656
14014	0.0	3628
14018	0.0	3630
13259	0.0	3412
14025	0.0	3635
22228	0.0	5434
14046	0.0	3640
30433	0.0	7666
14055	0.0	3643
29651	0.0	7461
30465	0.0	7673
30468	0.0	7676
9176	0.0	2286
22294	0.0	5435
14105	0.0	3662
37706	0.0	9512
35659	0.0	8943
22571	0.0	5461
30515	0.0	7690
30522	0.0	7692
30528	0.0	7694
32395	0.0	8035
14154	0.0	3680
5971	0.0	1532
30549	0.0	7703
14168	0.0	3685
30553	0.0	7706
5987	0.0	1536
14183	0.0	3689
24210	0.0	5915
30574	0.0	7713
6002	0.0	1538
30588	0.0	7720
6014	0.0	1544
20118	0.0	5268
14214	0.0	3696
33772	0.0	8487
14222	0.0	3697
14229	0.0	3701
30622	0.0	7731
30624	0.0	7733
14241	0.0	3707
14254	0.0	3711
6066	0.0	1562
14259	0.0	3713
6070	0.0	1565
14269	0.0	3718
30658	0.0	7746
13302	0.0	3426
14283	0.0	3721
14289	0.0	3724
14291	0.0	3725
6102	0.0	1568
29691	0.0	7477
14320	0.0	3736
14323	0.0	3737
6141	0.0	1581
32338	0.0	8014
30725	0.0	7753
21507	0.0	5408
14366	0.0	3746
22561	0.0	5460
14370	0.0	3749
14371	0.0	3750
30758	0.0	7755
24242	0.0	5926
35395	0.0	8857
35166	0.0	8775
38123	0.0	9648
14392	0.0	3761
14397	0.0	3764
22597	0.0	5468
22606	0.0	5472
14415	0.0	3769
14420	0.0	3771
6231	0.0	1598
6249	0.0	1602
6257	0.0	1605
30836	0.0	7768
30842	0.0	7772
30843	0.0	7773
22652	0.0	5481
6276	0.0	1607
14469	0.0	3790
24257	0.0	5933
6297	0.0	1613
14490	0.0	3798
22687	0.0	5489
14497	0.0	3801
6306	0.0	1615
14515	0.0	3809
14517	0.0	3810
14521	0.0	3813
14526	0.0	3816
30912	0.0	7782
22739	0.0	5502
6359	0.0	1627
14553	0.0	3822
14554	0.0	3823
30940	0.0	7786
30941	0.0	7787
1061	0.0	286
22757	0.0	5506
14571	0.0	3828
14577	0.0	3830
30967	0.0	7790
20180	0.0	5281
14586	0.0	3835
36565	0.0	9234
22784	0.0	5520
35675	0.0	8949
14611	0.0	3844
30998	0.0	7799
22816	0.0	5531
17456	0.0	4740
22823	0.0	5533
34585	0.0	8612
16093	0.0	4384
14640	0.0	3852
13363	0.0	3447
31030	0.0	7809
25038	0.0	6080
6468	0.0	1643
22853	0.0	5542
20065	0.0	5252
22856	0.0	5544
14680	0.0	3868
22874	0.0	5550
14683	0.0	3870
22891	0.0	5554
14700	0.0	3877
22895	0.0	5556
22896	0.0	5557
22910	0.0	5561
22914	0.0	5562
13584	0.0	3526
33770	0.0	8485
27769	0.0	6932
22941	0.0	5570
31135	0.0	7820
31138	0.0	7821
37317	0.0	9355
13383	0.0	3457
33771	0.0	8486
25673	0.0	6270
29134	0.0	7298
31164	0.0	7828
22973	0.0	5582
22974	0.0	5583
14783	0.0	3905
31169	0.0	7829
22990	0.0	5587
37633	0.0	9482
35178	0.0	8781
23000	0.0	5590
14818	0.0	3912
14819	0.0	3913
14833	0.0	3919
6653	0.0	1658
29955	0.0	7543
14866	0.0	3935
33269	0.0	8344
14874	0.0	3937
32493	0.0	8072
6686	0.0	1662
14886	0.0	3940
14888	0.0	3942
6703	0.0	1665
14896	0.0	3945
6705	0.0	1666
23093	0.0	5617
14906	0.0	3953
32522	0.0	8082
14911	0.0	3955
31297	0.0	7841
14914	0.0	3956
6724	0.0	1669
31594	0.0	7889
38141	0.0	9656
6746	0.0	1678
14950	0.0	3966
14952	0.0	3968
33905	0.0	8498
23155	0.0	5627
37525	0.0	9441
36052	0.0	9089
23162	0.0	5629
14973	0.0	3974
24341	0.0	5957
14998	0.0	3982
23212	0.0	5642
6846	0.0	1692
35276	0.0	8813
6870	0.0	1696
15074	0.0	4008
6898	0.0	1698
15096	0.0	4015
6905	0.0	1700
15101	0.0	4018
15106	0.0	4020
15110	0.0	4022
31532	0.0	7879
15922	0.0	4316
28601	0.0	7131
15155	0.0	4039
6968	0.0	1710
6971	0.0	1711
6974	0.0	1713
33271	0.0	8345
31562	0.0	7886
23014	0.0	5593
15206	0.0	4057
7027	0.0	1723
15226	0.0	4067
32575	0.0	8106
7036	0.0	1726
7043	0.0	1728
7049	0.0	1729
7070	0.0	1733
15275	0.0	4084
23763	0.0	5792
15288	0.0	4089
29855	0.0	7521
15297	0.0	4092
25367	0.0	6165
15326	0.0	4106
15329	0.0	4107
10747	0.0	2747
31721	0.0	7903
31728	0.0	7906
24405	0.0	5967
15362	0.0	4113
7173	0.0	1746
28503	0.0	7111
37883	0.0	9574
32812	0.0	8195
15385	0.0	4119
31772	0.0	7913
7200	0.0	1752
15394	0.0	4121
15395	0.0	4122
23588	0.0	5725
23589	0.0	5726
15403	0.0	4124
15406	0.0	4126
15415	0.0	4130
7226	0.0	1756
15420	0.0	4134
7230	0.0	1757
15423	0.0	4135
7232	0.0	1758
17590	0.0	4770
23622	0.0	5740
15435	0.0	4140
23634	0.0	5747
23648	0.0	5749
23650	0.0	5750
7267	0.0	1763
15463	0.0	4150
23059	0.0	5608
15482	0.0	4157
15484	0.0	4158
23677	0.0	5763
20016	0.0	5240
15498	0.0	4160
32405	0.0	8038
15509	0.0	4162
19066	0.0	5007
23718	0.0	5777
7339	0.0	1770
23726	0.0	5780
23070	0.0	5609
23736	0.0	5784
23739	0.0	5785
15548	0.0	4176
15562	0.0	4183
23759	0.0	5790
15572	0.0	4189
15573	0.0	4190
23076	0.0	5611
23771	0.0	5795
15582	0.0	4194
35947	0.0	9037
15589	0.0	4195
22799	0.0	5523
15602	0.0	4199
15611	0.0	4201
7421	0.0	1787
7460	0.0	1797
23859	0.0	5816
38111	0.0	9644
23878	0.0	5819
15693	0.0	4235
32080	0.0	7941
32098	0.0	7947
25855	0.0	6330
15720	0.0	4239
15724	0.0	4241
7539	0.0	1818
7543	0.0	1820
23942	0.0	5828
7561	0.0	1827
23955	0.0	5834
7578	0.0	1835
7586	0.0	1840
32163	0.0	7956
7593	0.0	1841
7602	0.0	1845
15802	0.0	4277
32201	0.0	7965
24012	0.0	5851
15827	0.0	4284
32228	0.0	7971
32229	0.0	7972
24038	0.0	5855
32232	0.0	7974
38131	0.0	9653
29949	0.0	7540
15858	0.0	4294
32245	0.0	7977
7671	0.0	1857
14440	0.0	3779
9471	0.0	2379
38145	0.0	9659
24075	0.0	5863
35445	0.0	8871
32272	0.0	7986
15892	0.0	4305
32277	0.0	7987
15902	0.0	4308
15903	0.0	4309
25863	0.0	6333
24113	0.0	5877
7730	0.0	1867
7732	0.0	1868
29963	0.0	7546
7751	0.0	1878
32332	0.0	8010
7757	0.0	1881
7763	0.0	1884
24151	0.0	5893
7777	0.0	1888
15981	0.0	4334
15986	0.0	4335
24179	0.0	5906
32377	0.0	8031
7805	0.0	1896
7809	0.0	1898
7817	0.0	1902
24203	0.0	5913
27245	0.0	6815
7825	0.0	1904
16021	0.0	4349
7831	0.0	1907
32411	0.0	8039
24220	0.0	5920
7841	0.0	1909
32418	0.0	8041
16038	0.0	4356
16040	0.0	4357
7850	0.0	1914
16043	0.0	4358
34077	0.0	8533
7865	0.0	1917
7873	0.0	1920
16070	0.0	4371
16077	0.0	4375
32480	0.0	8068
32481	0.0	8069
16114	0.0	4392
16117	0.0	4394
16120	0.0	4397
32506	0.0	8078
7932	0.0	1940
24318	0.0	5947
7940	0.0	1943
32520	0.0	8081
7947	0.0	1945
24333	0.0	5951
7955	0.0	1950
16148	0.0	4404
7957	0.0	1952
16150	0.0	4405
7968	0.0	1956
16166	0.0	4410
38194	0.0	9678
16183	0.0	4414
7992	0.0	1964
16198	0.0	4419
23453	0.0	5701
16206	0.0	4420
8016	0.0	1971
32595	0.0	8113
8021	0.0	1973
16218	0.0	4425
29820	0.0	7508
16231	0.0	4430
30001	0.0	7549
16243	0.0	4438
32635	0.0	8127
19093	0.0	5013
16258	0.0	4443
8068	0.0	1991
8077	0.0	1997
32666	0.0	8139
8091	0.0	2003
32676	0.0	8145
16297	0.0	4452
24491	0.0	5975
32687	0.0	8151
32710	0.0	8157
16327	0.0	4467
16328	0.0	4468
16329	0.0	4469
16331	0.0	4470
16332	0.0	4471
32719	0.0	8161
15011	0.0	3988
16341	0.0	4476
32736	0.0	8170
23209	0.0	5640
16378	0.0	4487
20131	0.0	5271
